1570384853718,2019-10-06T18:00:53.718,40.51325580694784,-79.80443381274029,260.56768798828125,76.42202941219544
1570384872128,2019-10-06T18:01:12.128,40.51325580694784,-79.80443381274029,260.56768798828125,155.0162417919213
1570384872434,2019-10-06T18:01:12.434,40.51325580694784,-79.80443381274029,260.56768798828125,239.31061124056583
1570384872575,2019-10-06T18:01:12.575,40.51323669836959,-79.80443872886029,259.0599060058594,65.0
1570384874395,2019-10-06T18:01:14.395,40.51323655065197,-79.80443872518819,259.8788719177246,50.0
1570384874998,2019-10-06T18:01:14.998,40.51323655065197,-79.80443872518819,259.8788719177246,50.0
1570384875998,2019-10-06T18:01:15.998,40.51323655065197,-79.80443872518819,261.59109115600586,50.0
1570384876998,2019-10-06T18:01:16.998,40.51323655065197,-79.80443872518819,262.8308982849121,50.0
1570384877998,2019-10-06T18:01:17.998,40.51294356122661,-79.80465120643359,257.01382064819336,50.0
1570384878998,2019-10-06T18:01:18.998,40.51294356122661,-79.80465120643359,259.1208152770996,30.0
1570384879998,2019-10-06T18:01:19.998,40.51294356122661,-79.80465120643359,259.5332908630371,10.0
1570384880999,2019-10-06T18:01:20.999,40.51294356122661,-79.80465120643359,259.74074935913086,10.0
1570384881999,2019-10-06T18:01:21.999,40.51294356122661,-79.80465120643359,259.19924545288086,30.0
1570384882999,2019-10-06T18:01:22.999,40.51294356122661,-79.80465120643359,258.70205307006836,30.0
1570384883999,2019-10-06T18:01:23.999,40.51294356122661,-79.80465120643359,258.6922264099121,30.0
1570384884999,2019-10-06T18:01:24.999,40.51294356122661,-79.80465120643359,258.7663230895996,30.0
1570384885999,2019-10-06T18:01:25.999,40.51294356122661,-79.80465120643359,258.7867088317871,30.0
1570384886999,2019-10-06T18:01:26.999,40.51294356122661,-79.80465120643359,258.79165267944336,30.0
1570384887999,2019-10-06T18:01:27.999,40.51294356122661,-79.80465120643359,258.67580795288086,30.0
1570384888999,2019-10-06T18:01:28.999,40.51294356122661,-79.80465120643359,258.63918685913086,30.0
1570384889999,2019-10-06T18:01:29.999,40.51294356122661,-79.80465120643359,258.80764389038086,30.0
1570384890999,2019-10-06T18:01:30.999,40.51294356122661,-79.80465120643359,258.80556869506836,30.0
1570384891999,2019-10-06T18:01:31.999,40.51294356122661,-79.80465120643359,258.72866439819336,30.0
1570384892999,2019-10-06T18:01:32.999,40.51294356122661,-79.80465120643359,258.8914451599121,30.0
1570384893999,2019-10-06T18:01:33.999,40.51294356122661,-79.80465120643359,258.84011459350586,30.0
1570384894999,2019-10-06T18:01:34.999,40.51294356122661,-79.80465120643359,258.83828353881836,30.0
1570384895999,2019-10-06T18:01:35.999,40.51294356122661,-79.80465120643359,258.62649154663086,30.0
1570384896999,2019-10-06T18:01:36.999,40.51294356122661,-79.80465120643359,258.48757553100586,30.0
1570384897999,2019-10-06T18:01:37.999,40.51294356122661,-79.80465120643359,258.4159812927246,30.0
1570384898999,2019-10-06T18:01:38.999,40.51294356122661,-79.80465120643359,258.44070053100586,30.0
1570384899999,2019-10-06T18:01:39.999,40.51294356122661,-79.80465120643359,258.4180564880371,30.0
1570384900999,2019-10-06T18:01:40.999,40.51294356122661,-79.80465120643359,258.3920555114746,30.0
1570384901999,2019-10-06T18:01:41.999,40.51294356122661,-79.80465120643359,258.4174461364746,30.0
1570384902999,2019-10-06T18:01:42.999,40.51294356122661,-79.80465120643359,258.2602195739746,30.0
1570384903999,2019-10-06T18:01:43.999,40.51294356122661,-79.80465120643359,258.2325096130371,30.0
1570384904999,2019-10-06T18:01:44.999,40.51294356122661,-79.80465120643359,258.28762435913086,30.0
1570384905999,2019-10-06T18:01:45.999,40.51294356122661,-79.80465120643359,258.17348861694336,30.0
1570384906999,2019-10-06T18:01:46.999,40.51294356122661,-79.80465120643359,258.11159896850586,30.0
1570384907999,2019-10-06T18:01:47.999,40.51294356122661,-79.80465120643359,258.0668601989746,30.0
1570384908999,2019-10-06T18:01:48.999,40.51294356122661,-79.80465120643359,257.9604148864746,30.0
1570384909999,2019-10-06T18:01:49.999,40.51294356122661,-79.80465120643359,257.9015769958496,30.0
1570384910999,2019-10-06T18:01:50.999,40.51294356122661,-79.80465120643359,257.8965721130371,30.0
1570384911999,2019-10-06T18:01:51.999,40.51294356122661,-79.80465120643359,257.97658920288086,30.0
1570384912999,2019-10-06T18:01:52.999,40.51294356122661,-79.80465120643359,258.0220603942871,30.0
1570384913999,2019-10-06T18:01:53.999,40.51294356122661,-79.80465120643359,257.98037338256836,30.0
1570384914999,2019-10-06T18:01:54.999,40.51294356122661,-79.80465120643359,257.8217430114746,30.0
1570384915999,2019-10-06T18:01:55.999,40.51294356122661,-79.80465120643359,257.72561264038086,30.0
1570384916999,2019-10-06T18:01:56.999,40.51294356122661,-79.80465120643359,257.6187400817871,30.0
1570384917999,2019-10-06T18:01:57.999,40.51294356122661,-79.80465120643359,257.54555892944336,30.0
1570384918999,2019-10-06T18:01:58.999,40.51294356122661,-79.80465120643359,257.60403060913086,30.0
1570384919999,2019-10-06T18:01:59.999,40.51294356122661,-79.80465120643359,257.5873680114746,30.0
1570384920999,2019-10-06T18:02:00.999,40.51294356122661,-79.80465120643359,257.56716537475586,30.0
1570384921999,2019-10-06T18:02:01.999,40.51294356122661,-79.80465120643359,257.5934715270996,30.0
1570384922999,2019-10-06T18:02:02.999,40.51294356122661,-79.80465120643359,257.57754135131836,30.0
1570384923999,2019-10-06T18:02:03.999,40.51294356122661,-79.80465120643359,257.64614486694336,30.0
1570384924999,2019-10-06T18:02:04.999,40.51294356122661,-79.80465120643359,257.6438865661621,30.0
1570384925999,2019-10-06T18:02:05.999,40.51294356122661,-79.80465120643359,257.5987205505371,30.0
1570384926999,2019-10-06T18:02:06.999,40.51294356122661,-79.80465120643359,257.5797996520996,30.0
1570384927999,2019-10-06T18:02:07.999,40.51294356122661,-79.80465120643359,257.4883689880371,30.0
1570384928999,2019-10-06T18:02:08.999,40.51294356122661,-79.80465120643359,257.43117904663086,30.0
1570384929999,2019-10-06T18:02:09.999,40.51294356122661,-79.80465120643359,257.3764305114746,30.0
1570384930999,2019-10-06T18:02:10.999,40.51294356122661,-79.80465120643359,257.3119773864746,30.0
1570384931999,2019-10-06T18:02:11.999,40.51294356122661,-79.80465120643359,257.2245750427246,30.0
1570385578030,2019-10-06T18:12:58.030,40.51321871703951,-79.80454681389226,255.68362426757812,65.0
1570385587030,2019-10-06T18:13:07.030,40.51321871703951,-79.80454681389226,255.68362426757812,65.0
1570385592350,2019-10-06T18:13:12.350,40.51318028411038,-79.80441963238411,255.68362426757812,269.14965339658494
1570385592700,2019-10-06T18:13:12.700,40.513224281136004,-79.80450893912007,256.12054443359375,65.0
1570385599124,2019-10-06T18:13:19.124,40.51323295063078,-79.80448206188345,256.4731140136719,65.0
1570385605548,2019-10-06T18:13:25.548,40.51322535415029,-79.8045062011075,256.7694396972656,65.0
1570385607146,2019-10-06T18:13:27.146,40.51322338647112,-79.8045109973228,256.96759033203125,65.0
1570385614999,2019-10-06T18:13:34.999,40.51322821065831,-79.8044953030346,256.41323471069336,10.0
1570385615999,2019-10-06T18:13:35.999,40.51322821065831,-79.8044953030346,256.4311180114746,10.0
1570385616999,2019-10-06T18:13:36.999,40.51324049014646,-79.80448457419854,256.8421287536621,10.0
1570385617999,2019-10-06T18:13:37.999,40.513232317790866,-79.8045140784977,256.61111068725586,10.0
1570385618999,2019-10-06T18:13:38.999,40.513228587843955,-79.80453905656915,256.6844139099121,10.0
1570385619999,2019-10-06T18:13:39.999,40.513222008049965,-79.8045745958386,256.5339012145996,10.0
1570385620999,2019-10-06T18:13:40.999,40.513222008049965,-79.8045745958386,256.4778709411621,10.0
1570385621999,2019-10-06T18:13:41.999,40.513222008049965,-79.8045745958386,256.37929916381836,10.0
1570385622999,2019-10-06T18:13:42.999,40.513222008049965,-79.8045745958386,256.1590232849121,10.0
1570385623999,2019-10-06T18:13:43.999,40.51321588926065,-79.80456277735513,256.33047103881836,10.0
1570385624999,2019-10-06T18:13:44.999,40.513222930059314,-79.80456805795413,256.4139060974121,10.0
1570385625999,2019-10-06T18:13:45.999,40.51323378462392,-79.80458272628468,256.6195945739746,30.0
1570385626999,2019-10-06T18:13:46.999,40.51324556119788,-79.80459320366364,256.5808982849121,30.0
1570385627999,2019-10-06T18:13:47.999,40.51326685123193,-79.80459295220655,256.87771224975586,30.0
1570385628999,2019-10-06T18:13:48.999,40.51326685123193,-79.80459295220655,256.84926986694336,30.0
1570385629999,2019-10-06T18:13:49.999,40.513287177347124,-79.8045883421598,256.82766342163086,30.0
1570385630999,2019-10-06T18:13:50.999,40.513287764080346,-79.80458809070271,256.82241439819336,30.0
1570385632000,2019-10-06T18:13:52.000,40.5132910749321,-79.80457895442825,256.82143783569336,30.0
1570385633000,2019-10-06T18:13:53.000,40.513306288086355,-79.80456043042224,256.8766746520996,30.0
1570385634000,2019-10-06T18:13:54.000,40.51330792255747,-79.8045402300356,256.7917137145996,30.0
1570385635000,2019-10-06T18:13:55.000,40.51330955702859,-79.80452497497183,256.7934226989746,30.0
1570385636000,2019-10-06T18:13:56.000,40.513311652504385,-79.80451198302191,256.7931785583496,50.0
1570385637000,2019-10-06T18:13:57.000,40.5132971518119,-79.80449563831073,256.6313133239746,50.0
1570385638000,2019-10-06T18:13:58.000,40.51328516569036,-79.80448164053243,256.6725730895996,50.0
1570385639000,2019-10-06T18:13:59.000,40.51327804107267,-79.80449136354011,256.70718002319336,50.0
1570385640000,2019-10-06T18:14:00.000,40.51327669996816,-79.804493710473,256.71987533569336,50.0
1570385641000,2019-10-06T18:14:01.000,40.513282399662316,-79.80453436270338,257.3568992614746,50.0
1570385642000,2019-10-06T18:14:02.000,40.513285333328426,-79.80456344790738,257.3164939880371,50.0
1570385643000,2019-10-06T18:14:03.000,40.51328537523794,-79.80463000021857,257.6624412536621,50.0
1570385644000,2019-10-06T18:14:04.000,40.51328265111941,-79.80468414731305,257.62270736694336,50.0
1570385645000,2019-10-06T18:14:05.000,40.51325310491073,-79.80476243428868,257.7622947692871,50.0
1570385646000,2019-10-06T18:14:06.000,40.51322678573477,-79.80482345454377,257.6470603942871,50.0
1570385647000,2019-10-06T18:14:07.000,40.5132038612296,-79.8048388772456,257.2925682067871,50.0
1570385647999,2019-10-06T18:14:07.999,40.51318391230005,-79.80485346175712,257.29043197631836,100.0
1570385648999,2019-10-06T18:14:08.999,40.513156335838616,-79.80484625332039,257.2710838317871,100.0
1570385649999,2019-10-06T18:14:09.999,40.51312968138653,-79.80481029495579,257.1369285583496,100.0
1570385650999,2019-10-06T18:14:10.999,40.51310847517151,-79.80477844372373,257.2033348083496,100.0
1570385651999,2019-10-06T18:14:11.999,40.51310262059672,-79.80477089296372,257.2033386230469,200.0
1570386229012,2019-10-06T18:23:49.012,40.513314464589385,-79.80450338838949,262.42999267578125,28.855870376351373
1570386312411,2019-10-06T18:25:12.411,40.5158435569513,-79.80994164144242,257.2103271484375,8000.0
1570386312841,2019-10-06T18:25:12.841,40.51322529876622,-79.80452174803288,257.819580078125,65.0
1570386317995,2019-10-06T18:25:17.995,40.51322137940723,-79.80449790142458,258.19497299194336,50.0
1570386318996,2019-10-06T18:25:18.996,40.51322137940723,-79.80449790142458,256.28371810913086,50.0
1570386319996,2019-10-06T18:25:19.996,40.51322137940723,-79.80449790142458,256.3372459411621,30.0
1570386320996,2019-10-06T18:25:20.996,40.51322137940723,-79.80449790142458,256.3942527770996,30.0
1570386321996,2019-10-06T18:25:21.996,40.51322137940723,-79.80449790142458,256.4582176208496,30.0
1570386322997,2019-10-06T18:25:22.997,40.51322137940723,-79.80449790142458,256.5238914489746,30.0
1570386323997,2019-10-06T18:25:23.997,40.51322137940723,-79.80449790142458,256.5878562927246,30.0
1570386324997,2019-10-06T18:25:24.997,40.51322137940723,-79.80449790142458,256.5646629333496,10.0
1570386325997,2019-10-06T18:25:25.997,40.51322137940723,-79.80449790142458,256.50930404663086,30.0
1570386326997,2019-10-06T18:25:26.997,40.51322137940723,-79.80449790142458,256.4793357849121,30.0
1570386327997,2019-10-06T18:25:27.997,40.51322137940723,-79.80449790142458,256.4300193786621,30.0
1570386328997,2019-10-06T18:25:28.997,40.51322137940723,-79.80449790142458,256.43520736694336,30.0
1570386329998,2019-10-06T18:25:29.998,40.51322137940723,-79.80449790142458,256.4004783630371,30.0
1570386330998,2019-10-06T18:25:30.998,40.51322137940723,-79.80449790142458,256.43728256225586,30.0
1570386331998,2019-10-06T18:25:31.998,40.51322137940723,-79.80449790142458,256.4855613708496,30.0
1570386332998,2019-10-06T18:25:32.998,40.51322137940723,-79.80449790142458,256.50222396850586,30.0
1570386333998,2019-10-06T18:25:33.998,40.51322137940723,-79.80449790142458,256.53811264038086,30.0
1570386334998,2019-10-06T18:25:34.998,40.51322137940723,-79.80449790142458,256.5602684020996,30.0
1570386335998,2019-10-06T18:25:35.998,40.51322137940723,-79.80449790142458,256.56704330444336,30.0
1570386336998,2019-10-06T18:25:36.998,40.51322137940723,-79.80449790142458,256.53957748413086,30.0
1570386337998,2019-10-06T18:25:37.998,40.51322137940723,-79.80449790142458,256.50320053100586,30.0
1570386338998,2019-10-06T18:25:38.998,40.51322137940723,-79.80449790142458,256.51833724975586,30.0
1570386339998,2019-10-06T18:25:39.998,40.51322137940723,-79.80449790142458,256.5224266052246,30.0
1570386340998,2019-10-06T18:25:40.998,40.51322137940723,-79.80449790142458,256.5402488708496,30.0
1570386341999,2019-10-06T18:25:41.999,40.51322137940723,-79.80449790142458,256.50014877319336,30.0
1570386342999,2019-10-06T18:25:42.999,40.51322137940723,-79.80449790142458,256.50368881225586,30.0
1570386343999,2019-10-06T18:25:43.999,40.51322137940723,-79.80449790142458,256.49599838256836,30.0
1570386344999,2019-10-06T18:25:44.999,40.51322137940723,-79.80449790142458,256.5381736755371,30.0
1570386345999,2019-10-06T18:25:45.999,40.51322137940723,-79.80449790142458,256.5176658630371,30.0
1570386346999,2019-10-06T18:25:46.999,40.51322137940723,-79.80449790142458,256.5459861755371,30.0
1570386347999,2019-10-06T18:25:47.999,40.51322137940723,-79.80449790142458,256.5750389099121,30.0
1570386348999,2019-10-06T18:25:48.999,40.51322137940723,-79.80449790142458,256.6051902770996,30.0
1570386349999,2019-10-06T18:25:49.999,40.51322137940723,-79.80449790142458,256.5523338317871,30.0
1570386350999,2019-10-06T18:25:50.999,40.51322137940723,-79.80449790142458,256.5428123474121,30.0
1570386351999,2019-10-06T18:25:51.999,40.51322137940723,-79.80449790142458,256.5863914489746,30.0
1570386352999,2019-10-06T18:25:52.999,40.51322137940723,-79.80449790142458,256.5381736755371,30.0
1570386353999,2019-10-06T18:25:53.999,40.51322842020589,-79.8045262322573,257.28738021850586,30.0
1570386354999,2019-10-06T18:25:54.999,40.51324493255514,-79.80453964330238,257.2082176208496,30.0
1570386355999,2019-10-06T18:25:55.999,40.513252350539446,-79.80454626500588,257.2189598083496,30.0
1570386356999,2019-10-06T18:25:56.999,40.513252350539446,-79.80454626500588,257.1720848083496,30.0
1570386357999,2019-10-06T18:25:57.999,40.513252350539446,-79.80454626500588,257.0320701599121,30.0
1570386358999,2019-10-06T18:25:58.999,40.513252350539446,-79.80454626500588,257.08486557006836,30.0
1570386359999,2019-10-06T18:25:59.999,40.513252350539446,-79.80454626500588,257.11867904663086,30.0
1570386360999,2019-10-06T18:26:00.999,40.513252350539446,-79.80454626500588,257.1554832458496,30.0
1570386361999,2019-10-06T18:26:01.999,40.513252350539446,-79.80454626500588,256.98452377319336,30.0
1570386362999,2019-10-06T18:26:02.999,40.513252350539446,-79.80454626500588,256.9117088317871,30.0
1570386363999,2019-10-06T18:26:03.999,40.513252350539446,-79.80454626500588,256.9071922302246,30.0
1570386364999,2019-10-06T18:26:04.999,40.513252350539446,-79.80454626500588,256.86123275756836,30.0
1570386365999,2019-10-06T18:26:05.999,40.513252350539446,-79.80454626500588,256.8478660583496,30.0
1570386366999,2019-10-06T18:26:06.999,40.513252350539446,-79.80454626500588,256.7614402770996,30.0
1570386367999,2019-10-06T18:26:07.999,40.513252350539446,-79.80454626500588,256.7304344177246,30.0
1570386368999,2019-10-06T18:26:08.999,40.513252350539446,-79.80454626500588,256.6988182067871,30.0
1570386369999,2019-10-06T18:26:09.999,40.513252350539446,-79.80454626500588,256.7148094177246,30.0
1570386370999,2019-10-06T18:26:10.999,40.513252350539446,-79.80454626500588,256.6781883239746,50.0
1570386371999,2019-10-06T18:26:11.999,40.513252350539446,-79.80454626500588,256.72549057006836,30.0
1570386974792,2019-10-06T18:36:14.792,40.51324881281985,-79.80436574076045,258.5496826171875,65.0
1570386983792,2019-10-06T18:36:23.792,40.51324881281985,-79.80436574076045,258.5496826171875,65.0
1570387032633,2019-10-06T18:37:12.633,40.513248092881156,-79.80436326719222,258.5496826171875,362.2090559549401
1570387032944,2019-10-06T18:37:12.944,40.513230467166764,-79.80450503507855,257.8390197753906,65.0
1570387041998,2019-10-06T18:37:21.998,40.51323045885202,-79.80450505625167,257.8463439941406,200.0
1570387042998,2019-10-06T18:37:22.998,40.513230411861876,-79.80450517590886,257.8486022949219,200.0
1570387043998,2019-10-06T18:37:23.998,40.513230379325506,-79.8045052587605,257.8476867675781,200.0
1570387044998,2019-10-06T18:37:24.998,40.513230306134105,-79.80450544513744,257.56814193725586,50.0
1570387045999,2019-10-06T18:37:25.999,40.513230306134105,-79.80450544513744,256.2559471130371,50.0
1570387046999,2019-10-06T18:37:26.999,40.513230306134105,-79.80450544513744,256.2359275817871,30.0
1570387047999,2019-10-06T18:37:27.999,40.513230306134105,-79.80450544513744,256.2447166442871,30.0
1570387048999,2019-10-06T18:37:28.999,40.513230306134105,-79.80450544513744,256.2381248474121,30.0
1570387049999,2019-10-06T18:37:29.999,40.513230306134105,-79.80450544513744,256.24807357788086,30.0
1570387050999,2019-10-06T18:37:30.999,40.513230306134105,-79.80450544513744,256.27956771850586,30.0
1570387051999,2019-10-06T18:37:31.999,40.513230306134105,-79.80450544513744,256.22256088256836,30.0
1570387052999,2019-10-06T18:37:32.999,40.513230306134105,-79.80450544513744,256.2337303161621,30.0
1570387053999,2019-10-06T18:37:33.999,40.513230306134105,-79.80450544513744,256.2400779724121,30.0
1570387054999,2019-10-06T18:37:34.999,40.513230306134105,-79.80450544513744,256.2502098083496,30.0
1570387055999,2019-10-06T18:37:35.999,40.513230306134105,-79.80450544513744,256.21914291381836,30.0
1570387056999,2019-10-06T18:37:36.999,40.513230306134105,-79.80450544513744,256.2085838317871,30.0
1570387057999,2019-10-06T18:37:37.999,40.513230306134105,-79.80450544513744,256.20156478881836,30.0
1570387058999,2019-10-06T18:37:38.999,40.513230306134105,-79.80450544513744,256.2068748474121,30.0
1570387059999,2019-10-06T18:37:39.999,40.513230306134105,-79.80450544513744,256.2090721130371,30.0
1570387060999,2019-10-06T18:37:40.999,40.513230306134105,-79.80450544513744,256.2104148864746,30.0
1570387061999,2019-10-06T18:37:41.999,40.513230306134105,-79.80450544513744,256.23611068725586,30.0
1570387062999,2019-10-06T18:37:42.999,40.513230306134105,-79.80450544513744,256.24880599975586,30.0
1570387063999,2019-10-06T18:37:43.999,40.513230306134105,-79.80450544513744,256.2762107849121,30.0
1570387064999,2019-10-06T18:37:44.999,40.513230306134105,-79.80450544513744,256.2748680114746,30.0
1570387065999,2019-10-06T18:37:45.999,40.513230306134105,-79.80450544513744,256.28823471069336,50.0
1570387066999,2019-10-06T18:37:46.999,40.513230306134105,-79.80450544513744,256.2714500427246,50.0
1570387067999,2019-10-06T18:37:47.999,40.513230306134105,-79.80450544513744,256.2756004333496,50.0
1570387068999,2019-10-06T18:37:48.999,40.513230306134105,-79.80450544513744,256.27749252319336,30.0
1570387069999,2019-10-06T18:37:49.999,40.513230306134105,-79.80450544513744,256.2995262145996,30.0
1570387070999,2019-10-06T18:37:50.999,40.513230306134105,-79.80450544513744,256.31887435913086,30.0
1570387071999,2019-10-06T18:37:51.999,40.513230306134105,-79.80450544513744,256.30874252319336,30.0
1570387072999,2019-10-06T18:37:52.999,40.513230306134105,-79.80450544513744,256.29897689819336,30.0
1570387073999,2019-10-06T18:37:53.999,40.513230306134105,-79.80450544513744,256.3069725036621,50.0
1570387074999,2019-10-06T18:37:54.999,40.513230306134105,-79.80450544513744,256.3122215270996,50.0
1570387075999,2019-10-06T18:37:55.999,40.513230306134105,-79.80450544513744,256.30349349975586,50.0
1570387076999,2019-10-06T18:37:56.999,40.513230306134105,-79.80450544513744,256.3120994567871,50.0
1570387077999,2019-10-06T18:37:57.999,40.513230306134105,-79.80450544513744,256.2837791442871,50.0
1570387078999,2019-10-06T18:37:58.999,40.513230306134105,-79.80450544513744,256.2828025817871,50.0
1570387079999,2019-10-06T18:37:59.999,40.513230306134105,-79.80450544513744,256.2731590270996,50.0
1570387080999,2019-10-06T18:38:00.999,40.513230306134105,-79.80450544513744,256.27737045288086,50.0
1570387081999,2019-10-06T18:38:01.999,40.513230306134105,-79.80450544513744,256.29030990600586,50.0
1570387082999,2019-10-06T18:38:02.999,40.513230306134105,-79.80450544513744,256.2941551208496,50.0
1570387083999,2019-10-06T18:38:03.999,40.513230306134105,-79.80450544513744,256.2953758239746,50.0
1570387084999,2019-10-06T18:38:04.999,40.513230306134105,-79.80450544513744,256.28445053100586,50.0
1570387085999,2019-10-06T18:38:05.999,40.513230306134105,-79.80450544513744,256.2786521911621,50.0
1570387086999,2019-10-06T18:38:06.999,40.513230306134105,-79.80450544513744,256.28591537475586,50.0
1570387087999,2019-10-06T18:38:07.999,40.513230306134105,-79.80450544513744,256.2948875427246,50.0
1570387088999,2019-10-06T18:38:08.999,40.513230306134105,-79.80450544513744,256.30361557006836,50.0
1570387089999,2019-10-06T18:38:09.999,40.513230306134105,-79.80450544513744,256.3116111755371,50.0
1570387090999,2019-10-06T18:38:10.999,40.513230306134105,-79.80450544513744,256.3177146911621,50.0
1570387091999,2019-10-06T18:38:11.999,40.513230306134105,-79.80450544513744,256.3361473083496,50.0
1570387702050,2019-10-06T18:48:22.050,40.51346879290741,-79.80469246431407,254.0,26.866427372056236
1570387744767,2019-10-06T18:49:04.767,40.51351269160469,-79.80459863261818,257.2469482421875,165.0
1570387752670,2019-10-06T18:49:12.670,40.51351649536321,-79.80459620360135,257.2469482421875,211.58705037492942
1570387753004,2019-10-06T18:49:13.004,40.51326342349703,-79.80444522789128,257.7564392089844,65.0
1570387754395,2019-10-06T18:49:14.395,40.513200047463656,-79.80445967994612,256.8765525817871,10.0
1570387754997,2019-10-06T18:49:14.997,40.51320377741057,-79.8044554051755,256.53542709350586,10.0
1570387755997,2019-10-06T18:49:15.997,40.51317087844062,-79.80478372432273,266.7239646911621,5.0
1570387756997,2019-10-06T18:49:16.997,40.51310994200456,-79.804697223082,254.2917137145996,5.0
1570387757997,2019-10-06T18:49:17.997,40.51310994200456,-79.804697223082,250.1313133239746,5.0
1570387758997,2019-10-06T18:49:18.997,40.51310994200456,-79.804697223082,246.4600486755371,5.0
1570387759998,2019-10-06T18:49:19.998,40.51310994200456,-79.804697223082,248.0070457458496,5.0
1570387760998,2019-10-06T18:49:20.998,40.51310994200456,-79.804697223082,248.6576805114746,5.0
1570387761998,2019-10-06T18:49:21.998,40.51310994200456,-79.804697223082,248.38454818725586,5.0
1570387762998,2019-10-06T18:49:22.998,40.51310994200456,-79.804697223082,248.1133689880371,5.0
1570387763998,2019-10-06T18:49:23.998,40.51310994200456,-79.804697223082,247.69082260131836,5.0
1570387764998,2019-10-06T18:49:24.998,40.51305474717218,-79.80470954447966,247.36306381225586,5.0
1570387765998,2019-10-06T18:49:25.998,40.51305474717218,-79.80470954447966,247.30862045288086,5.0
1570387766998,2019-10-06T18:49:26.998,40.51305474717218,-79.80470954447966,247.1247215270996,5.0
1570387767998,2019-10-06T18:49:27.998,40.51305474717218,-79.80470954447966,247.5380516052246,5.0
1570387768998,2019-10-06T18:49:28.998,40.51305474717218,-79.80470954447966,247.4718894958496,5.0
1570387769998,2019-10-06T18:49:29.998,40.51305474717218,-79.80470954447966,247.4684715270996,5.0
1570387770999,2019-10-06T18:49:30.999,40.51305474717218,-79.80470954447966,247.35903549194336,5.0
1570387771999,2019-10-06T18:49:31.999,40.51305474717218,-79.80470954447966,247.3058738708496,5.0
1570387772999,2019-10-06T18:49:32.999,40.51305474717218,-79.80470954447966,247.37343978881836,5.0
1570387773999,2019-10-06T18:49:33.999,40.51305474717218,-79.80470954447966,247.2890281677246,5.0
1570387774999,2019-10-06T18:49:34.999,40.51305474717218,-79.80470954447966,247.4213523864746,5.0
1570387775999,2019-10-06T18:49:35.999,40.51305474717218,-79.80470954447966,247.5606346130371,5.0
1570387776999,2019-10-06T18:49:36.999,40.51305474717218,-79.80470954447966,247.64431381225586,5.0
1570387777999,2019-10-06T18:49:37.999,40.51305474717218,-79.80470954447966,247.80520248413086,5.0
1570387778999,2019-10-06T18:49:38.999,40.51305474717218,-79.80470954447966,247.8035545349121,5.0
1570387779999,2019-10-06T18:49:39.999,40.51305474717218,-79.80470954447966,247.9447898864746,5.0
1570387780999,2019-10-06T18:49:40.999,40.51305474717218,-79.80470954447966,248.2781639099121,5.0
1570387781999,2019-10-06T18:49:41.999,40.51305474717218,-79.80470954447966,249.7492332458496,5.0
1570387782999,2019-10-06T18:49:42.999,40.51305474717218,-79.80470954447966,249.9197654724121,5.0
1570387783999,2019-10-06T18:49:43.999,40.51305474717218,-79.80470954447966,249.11806869506836,5.0
1570387784999,2019-10-06T18:49:44.999,40.51305474717218,-79.80470954447966,248.2367820739746,5.0
1570387785999,2019-10-06T18:49:45.999,40.513069541231275,-79.80470350950938,247.80471420288086,5.0
1570387786999,2019-10-06T18:49:46.999,40.513069541231275,-79.80470350950938,246.5567283630371,5.0
1570387787999,2019-10-06T18:49:47.999,40.51307750403929,-79.8046869133411,247.1280174255371,5.0
1570387788999,2019-10-06T18:49:48.999,40.51308039579588,-79.80467936962825,247.64419174194336,5.0
1570387789999,2019-10-06T18:49:49.999,40.51308039579588,-79.80467936962825,248.4811668395996,5.0
1570387790999,2019-10-06T18:49:50.999,40.51307918041992,-79.80466361165028,248.2397117614746,5.0
1570387791999,2019-10-06T18:49:51.999,40.51307918041992,-79.80466361165028,248.6774559020996,5.0
1570387792999,2019-10-06T18:49:52.999,40.51307918041992,-79.80466361165028,248.1890525817871,5.0
1570387793999,2019-10-06T18:49:53.999,40.51307918041992,-79.80466361165028,247.83718490600586,5.0
1570387794999,2019-10-06T18:49:54.999,40.51307352263528,-79.8046266474573,247.4056053161621,5.0
1570387795999,2019-10-06T18:49:55.999,40.51307352263528,-79.8046266474573,246.93850326538086,5.0
1570387796999,2019-10-06T18:49:56.999,40.51307352263528,-79.8046266474573,246.3842430114746,5.0
1570387797999,2019-10-06T18:49:57.999,40.513077923134446,-79.8046509549765,245.57680892944336,5.0
1570387798999,2019-10-06T18:49:58.999,40.513077923134446,-79.8046509549765,246.48830795288086,5.0
1570387799999,2019-10-06T18:49:59.999,40.513077923134446,-79.8046509549765,246.3643455505371,5.0
1570387800999,2019-10-06T18:50:00.999,40.513077923134446,-79.8046509549765,246.2586326599121,5.0
1570387801999,2019-10-06T18:50:01.999,40.513077923134446,-79.8046509549765,245.9952049255371,5.0
1570387802999,2019-10-06T18:50:02.999,40.513077923134446,-79.8046509549765,245.87759017944336,5.0
1570387803999,2019-10-06T18:50:03.999,40.513077923134446,-79.8046509549765,245.71230697631836,5.0
1570387804999,2019-10-06T18:50:04.999,40.513077923134446,-79.8046509549765,245.61440658569336,5.0
1570387805999,2019-10-06T18:50:05.999,40.513077923134446,-79.8046509549765,245.6413230895996,5.0
1570387806999,2019-10-06T18:50:06.999,40.513077923134446,-79.8046509549765,245.74795150756836,5.0
1570387807999,2019-10-06T18:50:07.999,40.513077923134446,-79.8046509549765,245.94619369506836,5.0
1570387808999,2019-10-06T18:50:08.999,40.513077923134446,-79.8046509549765,245.7382469177246,5.0
1570387809999,2019-10-06T18:50:09.999,40.513077923134446,-79.8046509549765,245.5324363708496,5.0
1570387810999,2019-10-06T18:50:10.999,40.513077923134446,-79.8046509549765,245.37697982788086,5.0
1570387811999,2019-10-06T18:50:11.999,40.513077923134446,-79.8046509549765,245.3289451599121,5.0
