1570731039073,2019-10-10T18:10:39.073,40.526129138343414,-79.84262257921347,262.42999267578125,43.90969642125635
1570731041494,2019-10-10T18:10:41.494,40.52612328484381,-79.84255747573532,242.99021911621094,65.0
1570731056787,2019-10-10T18:10:56.787,40.526033727090834,-79.84238227294932,242.99021911621094,772.6585142711185
1570731056920,2019-10-10T18:10:56.920,40.52598258401146,-79.84247851646572,243.44232177734375,65.0
1570731058396,2019-10-10T18:10:58.396,40.52622284278323,-79.84245199717566,259.4142723083496,30.0
1570731059004,2019-10-10T18:10:59.004,40.526227536649,-79.84245099134728,234.4403953552246,30.0
1570731060004,2019-10-10T18:11:00.004,40.526425014287724,-79.84199325561508,229.11916732788086,10.0
1570731061004,2019-10-10T18:11:01.004,40.526425014287724,-79.84199325561508,231.0219383239746,10.0
1570731062003,2019-10-10T18:11:02.003,40.52639157049407,-79.84204949818536,231.2915916442871,5.0
1570731063003,2019-10-10T18:11:03.003,40.52639157049407,-79.84204949818536,233.1293601989746,5.0
1570731064003,2019-10-10T18:11:04.003,40.52639157049407,-79.84204949818536,233.3929100036621,5.0
1570731065003,2019-10-10T18:11:05.003,40.52639157049407,-79.84204949818536,233.83901596069336,5.0
1570731066003,2019-10-10T18:11:06.003,40.52637438759257,-79.84208067886516,234.3540916442871,13.380695962432496
1570731067002,2019-10-10T18:11:07.002,40.52637438759257,-79.84208067886516,234.8529930114746,12.769205520165833
1570731068002,2019-10-10T18:11:08.002,40.526370280460014,-79.84208604328319,235.75674057006836,12.737889095505494
1570731069002,2019-10-10T18:11:09.002,40.526370280460014,-79.84208604328319,235.23586654663086,12.280394507445934
1570731070002,2019-10-10T18:11:10.002,40.526370280460014,-79.84208604328319,233.90566635131836,12.280394507445934
1570731071002,2019-10-10T18:11:11.002,40.52636357493748,-79.84208629474028,232.8717918395996,12.181175680865714
1570731072002,2019-10-10T18:11:12.002,40.52636365875651,-79.842085540369,231.9436912536621,11.548321072391381
1570731073001,2019-10-10T18:11:13.001,40.52636365875651,-79.842085540369,232.05508041381836,11.548321072391381
1570731074001,2019-10-10T18:11:14.001,40.526358336247995,-79.84208730056866,231.0735740661621,10.95069799160186
1570731075001,2019-10-10T18:11:15.001,40.52635443866302,-79.84208906076833,231.4936180114746,10.513979100994069
1570731076001,2019-10-10T18:11:16.001,40.52635443866302,-79.84208906076833,232.3913230895996,10.513979100994069
1570731077001,2019-10-10T18:11:17.001,40.52635443866302,-79.84208906076833,232.36941146850586,10.513979100994069
1570731078001,2019-10-10T18:11:18.001,40.52635443866302,-79.84208906076833,233.0485496520996,10.513979100994069
1570731079001,2019-10-10T18:11:19.001,40.52635443866302,-79.84208906076833,233.8094139099121,10.513979100994069
1570731080001,2019-10-10T18:11:20.001,40.52635443866302,-79.84208906076833,233.76870346069336,10.513979100994069
1570731081001,2019-10-10T18:11:21.001,40.52635443866302,-79.84208906076833,234.4272117614746,10.513979100994069
1570731082001,2019-10-10T18:11:22.001,40.52635443866302,-79.84208906076833,234.5600242614746,10.513979100994069
1570731083001,2019-10-10T18:11:23.001,40.52635443866302,-79.84208906076833,234.53188705444336,10.513979100994069
1570731084001,2019-10-10T18:11:24.001,40.52635443866302,-79.84208906076833,234.7788963317871,10.513979100994069
1570731085000,2019-10-10T18:11:25.000,40.52635443866302,-79.84208906076833,234.77248764038086,10.513979100994069
1570731086000,2019-10-10T18:11:26.000,40.526391528584554,-79.84209006659671,235.2172508239746,5.0
1570731087000,2019-10-10T18:11:27.000,40.526392534412935,-79.84209316790088,234.64040756225586,5.0
1570731088000,2019-10-10T18:11:28.000,40.526392534412935,-79.84209316790088,234.1281394958496,5.0
1570731089000,2019-10-10T18:11:29.000,40.526392534412935,-79.84209316790088,233.8933982849121,5.0
1570731090000,2019-10-10T18:11:30.000,40.526392534412935,-79.84209316790088,234.0639305114746,5.0
1570731091000,2019-10-10T18:11:31.000,40.52640414334883,-79.84209735885247,234.0365867614746,5.0
1570731092000,2019-10-10T18:11:32.000,40.52641118414749,-79.84209434136733,233.52505111694336,5.0
1570731093000,2019-10-10T18:11:33.000,40.52641361489941,-79.8420924135296,233.00454330444336,5.0
1570731094000,2019-10-10T18:11:34.000,40.52641290243764,-79.84208998277768,233.28432846069336,5.0
1570731095000,2019-10-10T18:11:35.000,40.52641290243764,-79.84208998277768,232.9812889099121,5.0
1570731096000,2019-10-10T18:11:36.000,40.52641290243764,-79.84208998277768,233.0511131286621,5.0
1570731097000,2019-10-10T18:11:37.000,40.52641290243764,-79.84208998277768,232.87405014038086,5.0
1570731098000,2019-10-10T18:11:38.000,40.5264167581131,-79.84207950539871,232.8246726989746,5.0
1570731099000,2019-10-10T18:11:39.000,40.5264193984126,-79.84207623645648,232.8604393005371,10.0
1570731100000,2019-10-10T18:11:40.000,40.5264183506747,-79.8420733866094,232.5752830505371,10.0
1570731101000,2019-10-10T18:11:41.000,40.5264183506747,-79.8420733866094,232.5684471130371,5.0
1570731102000,2019-10-10T18:11:42.000,40.5264183506747,-79.8420733866094,232.6833152770996,5.0
1570731103000,2019-10-10T18:11:43.000,40.5264183506747,-79.8420733866094,232.6748924255371,5.0
1570731104000,2019-10-10T18:11:44.000,40.52641403399457,-79.84207112349554,232.5151023864746,5.0
1570731105000,2019-10-10T18:11:45.000,40.526413866356506,-79.84206559143945,232.42324447631836,5.0
1570731106000,2019-10-10T18:11:46.000,40.52641524937053,-79.84206047847852,232.44228744506836,5.0
1570731107000,2019-10-10T18:11:47.000,40.526416716203585,-79.84205544933661,232.5027732849121,5.0
1570731108000,2019-10-10T18:11:48.000,40.52641688384165,-79.8420490790902,232.3964500427246,5.0
1570731109000,2019-10-10T18:11:49.000,40.52641717720826,-79.8420456425099,232.23452377319336,5.0
1570731110000,2019-10-10T18:11:50.000,40.52641747057487,-79.84204530723378,232.6637840270996,5.0
1570731111000,2019-10-10T18:11:51.000,40.52641533318956,-79.84205176129922,232.3482322692871,5.0
1570731112000,2019-10-10T18:11:52.000,40.526413070075705,-79.84205888591691,232.2762107849121,5.0
1570731113000,2019-10-10T18:11:53.000,40.526414788365855,-79.84206793837234,232.3072166442871,5.0
1570731114000,2019-10-10T18:11:54.000,40.526420446150496,-79.84207489535197,232.44582748413086,5.0
1570731115000,2019-10-10T18:11:55.000,40.526420446150496,-79.84207489535197,232.2513084411621,5.0
1570731116000,2019-10-10T18:11:56.000,40.526429247148826,-79.84207883484646,232.3789939880371,5.0
1570731774043,2019-10-10T18:22:54.043,40.526055898362905,-79.84252767511772,233.56307983398438,65.0
1570731776560,2019-10-10T18:22:56.560,40.526055898362905,-79.84252767511772,233.56307983398438,65.0
1570731776562,2019-10-10T18:22:56.562,40.526058830942006,-79.84253548410626,233.53392028808594,65.0
1570731776562,2019-10-10T18:22:56.562,40.5260602411727,-79.8425392393248,233.52398681640625,65.0
1570731788833,2019-10-10T18:23:08.833,40.52603213038687,-79.8425093560019,233.80091857910156,65.0
1570731789991,2019-10-10T18:23:09.991,40.52603505474992,-79.84252228356844,234.16184997558594,65.0
1570731796347,2019-10-10T18:23:16.347,40.52600837608798,-79.84247765806539,234.66281127929688,65.0
1570731797500,2019-10-10T18:23:17.500,40.52602142362999,-79.8424993358279,235.20236206054688,65.0
1570731803899,2019-10-10T18:23:23.899,40.525799817089165,-79.84202441948466,236.3262939453125,65.0
1570731810525,2019-10-10T18:23:30.525,40.525796728239065,-79.84200760627822,236.41551208496094,65.0
1570731811001,2019-10-10T18:23:31.001,40.52627766042997,-79.84230757698401,232.70656967163086,100.0
1570731812000,2019-10-10T18:23:32.000,40.52632866431077,-79.84228603549286,232.7204246520996,100.0
1570731813000,2019-10-10T18:23:33.000,40.52632866431077,-79.84228603549286,232.73635482788086,100.0
1570731814000,2019-10-10T18:23:34.000,40.52632866431077,-79.84228603549286,232.7594871520996,100.0
1570731815000,2019-10-10T18:23:35.000,40.52637275312145,-79.84223423533126,232.78005599975586,100.0
1570731816000,2019-10-10T18:23:36.000,40.52637275312145,-79.84223423533126,232.79421615600586,100.0
1570731817000,2019-10-10T18:23:37.000,40.52637275312145,-79.84223423533126,232.8103904724121,100.0
1570731818000,2019-10-10T18:23:38.000,40.52637275312145,-79.84223423533126,232.8246726989746,50.0
1570731819000,2019-10-10T18:23:39.000,40.526378368996575,-79.84217204160973,232.8337059020996,50.0
1570731820000,2019-10-10T18:23:40.000,40.526378368996575,-79.84217204160973,232.8361473083496,50.0
1570731821000,2019-10-10T18:23:41.000,40.526378368996575,-79.84217204160973,232.84658432006836,50.0
1570731822000,2019-10-10T18:23:42.000,40.526378368996575,-79.84217204160973,232.8517723083496,50.0
1570731823000,2019-10-10T18:23:43.000,40.526378368996575,-79.84217204160973,232.85378646850586,50.0
1570731824000,2019-10-10T18:23:44.000,40.526378368996575,-79.84217204160973,232.8656883239746,50.0
1570731824999,2019-10-10T18:23:44.999,40.526378368996575,-79.84217204160973,232.85366439819336,50.0
1570731825999,2019-10-10T18:23:45.999,40.526378368996575,-79.84217204160973,232.8450584411621,50.0
1570731826999,2019-10-10T18:23:46.999,40.526378368996575,-79.84217204160973,232.8169822692871,50.0
1570731827999,2019-10-10T18:23:47.999,40.52641218997587,-79.84212007381007,232.83620834350586,50.0
1570731828999,2019-10-10T18:23:48.999,40.52641218997587,-79.84212007381007,232.8357810974121,50.0
1570731829999,2019-10-10T18:23:49.999,40.52641218997587,-79.84212007381007,232.8368797302246,50.0
1570731830999,2019-10-10T18:23:50.999,40.52641218997587,-79.84212007381007,232.83120346069336,50.0
1570731831999,2019-10-10T18:23:51.999,40.52641218997587,-79.84212007381007,232.82180404663086,50.0
1570731832999,2019-10-10T18:23:52.999,40.52641218997587,-79.84212007381007,232.8099021911621,30.0
1570731833999,2019-10-10T18:23:53.999,40.52641218997587,-79.84212007381007,232.80788803100586,30.0
1570731834999,2019-10-10T18:23:54.999,40.52641218997587,-79.84212007381007,232.81081771850586,30.0
1570731835999,2019-10-10T18:23:55.999,40.52641218997587,-79.84212007381007,232.8088035583496,30.0
1570732496116,2019-10-10T18:34:56.116,40.5261496199564,-79.84271715698476,232.81166076660156,65.0
1570732496998,2019-10-10T18:34:56.998,40.526149620089306,-79.84271715690525,232.81166076660156,65.0
1570732498229,2019-10-10T18:34:58.229,40.52616381640533,-79.84264968215199,233.0168914794922,65.0
1570732499384,2019-10-10T18:34:59.384,40.52617586221595,-79.84255165800437,247.92373275756836,50.0
1570732499994,2019-10-10T18:34:59.994,40.52617586221595,-79.84255165800437,232.1524314880371,50.0
1570732500995,2019-10-10T18:35:00.995,40.52617586221595,-79.84255165800437,232.54726791381836,50.0
1570732501995,2019-10-10T18:35:01.995,40.52617586221595,-79.84255165800437,232.65896224975586,50.0
1570732502995,2019-10-10T18:35:02.995,40.52617586221595,-79.84255165800437,232.5801658630371,50.0
1570732503996,2019-10-10T18:35:03.996,40.52617456302096,-79.8424914759396,232.46340560913086,50.0
1570732504996,2019-10-10T18:35:04.996,40.52617456302096,-79.8424914759396,232.4338035583496,50.0
1570732505996,2019-10-10T18:35:05.996,40.52617456302096,-79.8424914759396,232.57632064819336,50.0
1570732506996,2019-10-10T18:35:06.996,40.52617456302096,-79.8424914759396,232.73733139038086,30.0
1570732507997,2019-10-10T18:35:07.997,40.52619522441228,-79.84243179678901,232.9543113708496,30.0
1570732508997,2019-10-10T18:35:08.997,40.52619522441228,-79.84243179678901,233.2261619567871,30.0
1570732509997,2019-10-10T18:35:09.997,40.52619522441228,-79.84243179678901,233.2137107849121,30.0
1570732510997,2019-10-10T18:35:10.997,40.52622016057421,-79.84238184064611,233.13113021850586,30.0
1570732511997,2019-10-10T18:35:11.997,40.52622016057421,-79.84238184064611,233.0973777770996,30.0
1570732512997,2019-10-10T18:35:12.997,40.52622016057421,-79.84238184064611,233.13088607788086,30.0
1570732513997,2019-10-10T18:35:13.997,40.52625255662997,-79.8423408531396,233.0589256286621,30.0
1570732514998,2019-10-10T18:35:14.998,40.52625255662997,-79.8423408531396,233.0736961364746,30.0
1570732515998,2019-10-10T18:35:15.998,40.52625255662997,-79.8423408531396,233.1476707458496,30.0
1570732516998,2019-10-10T18:35:16.998,40.52625255662997,-79.8423408531396,233.1840476989746,30.0
1570732517998,2019-10-10T18:35:17.998,40.52625255662997,-79.8423408531396,233.24197006225586,30.0
1570732518998,2019-10-10T18:35:18.998,40.526287718713775,-79.84229316011056,233.1713523864746,30.0
1570732519998,2019-10-10T18:35:19.998,40.526287718713775,-79.84229316011056,233.2294578552246,30.0
1570732520998,2019-10-10T18:35:20.998,40.526287718713775,-79.84229316011056,233.26186752319336,30.0
1570732521998,2019-10-10T18:35:21.998,40.526287718713775,-79.84229316011056,233.3035545349121,30.0
1570732522998,2019-10-10T18:35:22.998,40.526287718713775,-79.84229316011056,233.40884017944336,30.0
1570732523998,2019-10-10T18:35:23.998,40.526329209134474,-79.84226348817333,233.4292869567871,30.0
1570732524998,2019-10-10T18:35:24.998,40.526329209134474,-79.84226348817333,233.4692039489746,30.0
1570732525998,2019-10-10T18:35:25.998,40.526329209134474,-79.84226348817333,233.4687156677246,30.0
1570732526999,2019-10-10T18:35:26.999,40.526329209134474,-79.84226348817333,233.4661521911621,30.0
1570732527999,2019-10-10T18:35:27.999,40.526329209134474,-79.84226348817333,233.5060691833496,30.0
1570732528999,2019-10-10T18:35:28.999,40.526329209134474,-79.84226348817333,233.4834861755371,30.0
1570732529999,2019-10-10T18:35:29.999,40.52637459714015,-79.84223783954963,233.4385643005371,30.0
1570732530999,2019-10-10T18:35:30.999,40.52637459714015,-79.84223783954963,233.4195213317871,30.0
1570732531999,2019-10-10T18:35:31.999,40.52637459714015,-79.84223783954963,233.50234603881836,30.0
1570732532999,2019-10-10T18:35:32.999,40.52637459714015,-79.84223783954963,233.4567527770996,30.0
1570732533999,2019-10-10T18:35:33.999,40.52637459714015,-79.84223783954963,233.4457664489746,30.0
1570732534999,2019-10-10T18:35:34.999,40.52637459714015,-79.84223783954963,233.5269432067871,30.0
1570732535999,2019-10-10T18:35:35.999,40.52637459714015,-79.84223783954963,233.5891990661621,30.0
1570732536999,2019-10-10T18:35:36.999,40.52637459714015,-79.84223783954963,233.6654930114746,30.0
1570732537999,2019-10-10T18:35:37.999,40.52637459714015,-79.84223783954963,233.7084617614746,30.0
1570732538999,2019-10-10T18:35:38.999,40.52637459714015,-79.84223783954963,233.7388572692871,10.0
1570732539999,2019-10-10T18:35:39.999,40.52637459714015,-79.84223783954963,233.6864891052246,30.0
1570732540999,2019-10-10T18:35:40.999,40.52637459714015,-79.84223783954963,233.6680564880371,30.0
1570732541999,2019-10-10T18:35:41.999,40.52637459714015,-79.84223783954963,233.68020248413086,30.0
1570732542999,2019-10-10T18:35:42.999,40.52637459714015,-79.84223783954963,233.7391014099121,10.0
1570732543999,2019-10-10T18:35:43.999,40.52637459714015,-79.84223783954963,233.80935287475586,10.0
1570732544999,2019-10-10T18:35:44.999,40.52637459714015,-79.84223783954963,233.86867904663086,10.0
1570732545999,2019-10-10T18:35:45.999,40.52637459714015,-79.84223783954963,233.88418197631836,10.0
1570732546999,2019-10-10T18:35:46.999,40.52637459714015,-79.84223783954963,233.69643783569336,10.0
1570732547999,2019-10-10T18:35:47.999,40.52637459714015,-79.84223783954963,233.74160385131836,10.0
1570732548999,2019-10-10T18:35:48.999,40.52637459714015,-79.84223783954963,233.70449447631836,10.0
1570732549999,2019-10-10T18:35:49.999,40.52637459714015,-79.84223783954963,233.77676010131836,10.0
1570732550999,2019-10-10T18:35:50.999,40.52637459714015,-79.84223783954963,233.7615623474121,10.0
1570732551999,2019-10-10T18:35:51.999,40.52637459714015,-79.84223783954963,233.87087631225586,10.0
1570732552999,2019-10-10T18:35:52.999,40.526415710375204,-79.8422118556498,233.7078514099121,10.0
1570732553999,2019-10-10T18:35:53.999,40.526415710375204,-79.8422118556498,233.68117904663086,10.0
1570732554999,2019-10-10T18:35:54.999,40.526415710375204,-79.8422118556498,233.6910057067871,10.0
1570732555999,2019-10-10T18:35:55.999,40.526415710375204,-79.8422118556498,233.75844955444336,10.0
1570733212102,2019-10-10T18:46:52.102,40.52564727089892,-79.84152534329952,243.03704833984375,65.0
1570733216878,2019-10-10T18:46:56.878,40.52564727089892,-79.84152534329952,243.03704833984375,65.0
1570733216882,2019-10-10T18:46:56.882,40.5255663130001,-79.84146036988422,244.5041961669922,65.0
1570733216882,2019-10-10T18:46:56.882,40.52555570868037,-79.84145370124351,245.7649688720703,65.0
1570733218397,2019-10-10T18:46:58.397,40.52549910735388,-79.84142127454265,209.4628562927246,10.0
1570733218988,2019-10-10T18:46:58.988,40.52549860443969,-79.84142898589357,232.2969627380371,10.0
1570733219993,2019-10-10T18:46:59.993,40.5254637357225,-79.84143326066419,227.0791893005371,5.0
1570733220993,2019-10-10T18:47:00.993,40.52544730719228,-79.84146310023948,230.7631492614746,5.0
1570733221994,2019-10-10T18:47:01.994,40.52544005684604,-79.84148003168389,226.7660789489746,5.0
1570733222994,2019-10-10T18:47:02.994,40.525436033532515,-79.8414916825293,227.6066551208496,5.0
1570733223994,2019-10-10T18:47:03.994,40.52543263886173,-79.8414983042328,227.57632064819336,5.0
1570733224995,2019-10-10T18:47:04.995,40.52543171685238,-79.84150467447921,228.76272201538086,5.0
1570733225995,2019-10-10T18:47:05.995,40.52543347705205,-79.84151163145884,228.9805564880371,5.0
1570733226995,2019-10-10T18:47:06.995,40.52543557252784,-79.84152370139941,228.45779037475586,5.0
1570733227996,2019-10-10T18:47:07.996,40.525441397950544,-79.84153526842579,228.09975814819336,5.0
1570733228996,2019-10-10T18:47:08.996,40.525449067391946,-79.8415429797767,227.0716209411621,5.0
1570733229996,2019-10-10T18:47:09.996,40.52545652728577,-79.84154717072829,226.54348373413086,5.0
1570733230996,2019-10-10T18:47:10.996,40.52546381954153,-79.84154717072829,226.82522201538086,5.0
1570733231997,2019-10-10T18:47:11.997,40.525472746268406,-79.8415413872151,226.8963279724121,5.0
1570733232997,2019-10-10T18:47:12.997,40.525483265556886,-79.84152889817938,227.0174217224121,10.0
1570733233997,2019-10-10T18:47:13.997,40.525489845350876,-79.84151439748689,227.5511131286621,10.0
1570733234997,2019-10-10T18:47:14.997,40.52549353338827,-79.84149914242312,227.8680076599121,10.0
1570733235997,2019-10-10T18:47:15.997,40.525496215597286,-79.84147885821744,228.1079978942871,10.0
1570733236997,2019-10-10T18:47:16.997,40.52550380121966,-79.84146351933464,228.31191635131836,10.0
1570733237997,2019-10-10T18:47:17.997,40.52550530996223,-79.84146066948756,228.7043113708496,30.0
1570733238998,2019-10-10T18:47:18.998,40.52550124473919,-79.84145932838305,228.8599510192871,30.0
1570733239998,2019-10-10T18:47:19.998,40.525493407659724,-79.84145639471694,228.9057273864746,30.0
1570733240998,2019-10-10T18:47:20.998,40.525493407659724,-79.84145639471694,228.9821434020996,30.0
1570733241998,2019-10-10T18:47:21.998,40.52548557058026,-79.84145924456402,229.04433822631836,30.0
1570733242998,2019-10-10T18:47:22.998,40.525483684652045,-79.84146888375267,229.0196189880371,30.0
1570733243998,2019-10-10T18:47:23.998,40.52548305600931,-79.84148204334065,229.0282859802246,50.0
1570733244998,2019-10-10T18:47:24.998,40.525482469276085,-79.84148916795834,228.99892807006836,50.0
1570733245998,2019-10-10T18:47:25.998,40.52548506766607,-79.84148950323447,228.9997215270996,50.0
1570733246998,2019-10-10T18:47:26.998,40.525487414598956,-79.84148967087253,229.0193748474121,50.0
1570733247998,2019-10-10T18:47:27.998,40.52548959389378,-79.84149025760576,229.03835678100586,50.0
1570733248998,2019-10-10T18:47:28.998,40.52548959389378,-79.84149025760576,229.0552635192871,100.0
1570733249998,2019-10-10T18:47:29.998,40.52548959389378,-79.84149025760576,229.0779685974121,100.0
1570733250999,2019-10-10T18:47:30.999,40.52548843430464,-79.84148687026443,229.07797241210938,200.0
1570733251999,2019-10-10T18:47:31.999,40.52548516907758,-79.84148263352341,229.10714721679688,200.0
1570733252999,2019-10-10T18:47:32.999,40.52548072847945,-79.84147833278205,229.12474060058594,200.0
1570733253999,2019-10-10T18:47:33.999,40.52547619875264,-79.84147746629351,229.1444549560547,200.0
1570733254999,2019-10-10T18:47:34.999,40.52547209566417,-79.84147597011788,229.16221618652344,200.0
1570733255999,2019-10-10T18:47:35.999,40.52546788966945,-79.84147160972563,229.1758575439453,200.0
1570733256999,2019-10-10T18:47:36.999,40.52546424320758,-79.84146457949541,229.1917724609375,200.0
1570733257999,2019-10-10T18:47:37.999,40.52546117282461,-79.84145550119418,229.21006774902344,200.0
1570733258999,2019-10-10T18:47:38.999,40.52545852525262,-79.84144489603689,229.229736328125,200.0
1570733259999,2019-10-10T18:47:39.999,40.52545618157384,-79.84143313822373,229.25137329101562,200.0
1570733260999,2019-10-10T18:47:40.999,40.52545396173328,-79.84142245844185,229.27410888671875,200.0
1570733261999,2019-10-10T18:47:41.999,40.52545184269466,-79.8414110906424,229.29852294921875,200.0
1570733262999,2019-10-10T18:47:42.999,40.52545007832352,-79.84139906122971,229.16421508789062,200.0
1570733263999,2019-10-10T18:47:43.999,40.52544874340462,-79.84138645110491,229.0468292236328,200.0
1570733264999,2019-10-10T18:47:44.999,40.52544806357602,-79.84137329251271,228.88882446289062,200.0
1570733265999,2019-10-10T18:47:45.999,40.52544809980937,-79.84135966030473,228.78909301757812,200.0
1570733266999,2019-10-10T18:47:46.999,40.52544899434535,-79.84134557091339,228.75698852539062,200.0
1570733267999,2019-10-10T18:47:47.999,40.525450798518115,-79.84133107670702,228.76199340820312,200.0
1570733936999,2019-10-10T18:58:56.999,40.525789037384584,-79.84189401388153,230.76284255749474,5.0
1570733937999,2019-10-10T18:58:57.999,40.525789037384584,-79.84189401388153,230.71136944161753,5.0
1570733938999,2019-10-10T18:58:58.999,40.525789037384584,-79.84189401388153,230.8077964891523,5.0
1570733939999,2019-10-10T18:58:59.999,40.525789037384584,-79.84189401388153,230.6266133473187,5.0
1570733940999,2019-10-10T18:59:00.999,40.525789037384584,-79.84189401388153,230.79205361235125,5.0
1570733941999,2019-10-10T18:59:01.999,40.525789037384584,-79.84189401388153,230.8812272824324,5.0
1570733942999,2019-10-10T18:59:02.999,40.525789037384584,-79.84189401388153,231.03811265292134,5.0
1570733943999,2019-10-10T18:59:03.999,40.525789037384584,-79.84189401388153,230.98914171521574,5.0
1570733944999,2019-10-10T18:59:04.999,40.525789037384584,-79.84189401388153,231.01371726332255,5.0
1570733945999,2019-10-10T18:59:05.999,40.525789037384584,-79.84189401388153,230.94758056048073,5.0
1570733946999,2019-10-10T18:59:06.999,40.525789037384584,-79.84189401388153,230.85387036911493,5.0
1570733947999,2019-10-10T18:59:07.999,40.525789037384584,-79.84189401388153,231.05499406685342,5.0
1570733948999,2019-10-10T18:59:08.999,40.52580240652014,-79.84188739217802,230.8678532862259,5.0
1570733949999,2019-10-10T18:59:09.999,40.52581426691313,-79.84188630253061,230.95521737440262,5.0
1570733950999,2019-10-10T18:59:10.999,40.52582654640128,-79.84188244685515,230.90623086277864,5.0
1570733951999,2019-10-10T18:59:11.999,40.52583714950879,-79.84187875881776,230.8941663655875,5.0
1570733952999,2019-10-10T18:59:12.999,40.52584117282231,-79.84187733389422,231.0025857824497,5.0
1570733953999,2019-10-10T18:59:13.999,40.52584251392682,-79.84187532223746,230.88145282330657,5.0
1570733954999,2019-10-10T18:59:14.999,40.52584414839794,-79.841871466562,230.99746928709305,5.0
1570733955999,2019-10-10T18:59:15.999,40.52584414839794,-79.841871466562,231.12735336350406,5.0
1570733956999,2019-10-10T18:59:16.999,40.52584414839794,-79.841871466562,231.22917842969042,5.0
1570733957999,2019-10-10T18:59:17.999,40.52584414839794,-79.841871466562,231.22917842969042,5.0
1570733958999,2019-10-10T18:59:18.999,40.52584414839794,-79.841871466562,231.26062433465208,5.0
1570733959999,2019-10-10T18:59:19.999,40.52584452558358,-79.84186207883045,231.2871395813132,5.0
1570733960999,2019-10-10T18:59:20.999,40.52585248839159,-79.84185847461208,231.33432675330417,5.0
1570733961999,2019-10-10T18:59:21.999,40.525873610787585,-79.84185260727986,230.87675004346326,5.0
1570733962999,2019-10-10T18:59:22.999,40.525895361826315,-79.84184824869021,231.11255237769754,5.0
1570733963999,2019-10-10T18:59:23.999,40.52591241899927,-79.84184422537669,231.09143238188327,5.0
1570733964999,2019-10-10T18:59:24.999,40.52592725496788,-79.84183961532995,231.17792944235708,5.0
1570733965999,2019-10-10T18:59:25.999,40.52594175566037,-79.84183617874965,231.39075962740412,5.0
1570733966999,2019-10-10T18:59:26.999,40.52595621444334,-79.8418334127216,231.28727359035977,5.0
1570733967999,2019-10-10T18:59:27.999,40.525969918855026,-79.84183005996033,231.24471980901777,5.0
1570733968999,2019-10-10T18:59:28.999,40.52598345562865,-79.84182737775131,230.72712890045423,5.0
1570733969999,2019-10-10T18:59:29.999,40.52600055471112,-79.8418231029807,230.72422782223464,5.0
1570733970999,2019-10-10T18:59:30.999,40.526016061231985,-79.84181958258137,230.74846018409113,5.0
1570733971999,2019-10-10T18:59:31.999,40.526030017100766,-79.84181488871559,230.8000551611356,5.0
1570733972999,2019-10-10T18:59:32.999,40.526045816988244,-79.84181170359238,230.74777349428268,5.0
1570733973999,2019-10-10T18:59:33.999,40.52605847366203,-79.8418093566595,230.92031163451824,5.0
1570733974999,2019-10-10T18:59:34.999,40.52607016641696,-79.84180600389823,231.08043425153252,5.0
1570733975999,2019-10-10T18:59:35.999,40.526084667109444,-79.84180072329923,231.14910948416568,5.0
1570733976999,2019-10-10T18:59:36.999,40.526096485592916,-79.84179628089055,230.97898407201419,5.0
1570733977999,2019-10-10T18:59:37.999,40.52610775925268,-79.8417953588812,231.02808571781583,5.0
1570733978999,2019-10-10T18:59:38.999,40.52611848808874,-79.84179552651926,230.9230655830103,5.0
1570733979999,2019-10-10T18:59:39.999,40.52612892355819,-79.84179795727118,230.96861968305254,5.0
1570733980999,2019-10-10T18:59:40.999,40.52613906566103,-79.84180139385148,231.00268471124235,5.0
1570733981999,2019-10-10T18:59:41.999,40.52615109369208,-79.84180918902143,231.17880563056832,5.0
1570733982999,2019-10-10T18:59:42.999,40.526160942428305,-79.84182083986684,230.9539674431523,5.0
1570733983999,2019-10-10T18:59:43.999,40.52617033015986,-79.84183265835031,230.9539674431523,5.0
1570733984999,2019-10-10T18:59:44.999,40.52617959216286,-79.84184481210991,231.11111671518975,5.0
1570733985999,2019-10-10T18:59:45.999,40.52618960853715,-79.84185520566984,230.7748022576224,5.0
1570733986999,2019-10-10T18:59:46.999,40.526199289635315,-79.84186442576333,230.7593064650219,5.0
1570733987999,2019-10-10T18:59:47.999,40.52620750390042,-79.84187817208453,230.6650377010523,5.0
1570733988999,2019-10-10T18:59:48.999,40.52621450278957,-79.8418936786054,230.6893057702701,5.0
1570733989999,2019-10-10T18:59:49.999,40.52621886137922,-79.84190977185949,230.58999978297842,5.0
1570733990999,2019-10-10T18:59:50.999,40.526225189716115,-79.84192469164714,230.40867008914242,5.0
1570733991999,2019-10-10T18:59:51.999,40.52623164378156,-79.84193776741608,230.56177658941866,5.0
1570733992999,2019-10-10T18:59:52.999,40.5262388941278,-79.84194992117568,230.5654016978897,5.0
1570733993999,2019-10-10T18:59:53.999,40.526245222464695,-79.8419626616685,230.72754171381555,5.0
1570733994999,2019-10-10T18:59:54.999,40.52625020969708,-79.84197590507551,230.68329041019177,5.0
1570733995999,2019-10-10T18:59:55.999,40.526255448386564,-79.84199216596767,230.77737321457406,5.0
1570733996999,2019-10-10T18:59:56.999,40.52626169290443,-79.84200851067885,230.8945456802851,5.0
