1570834800998,2019-10-11T23:00:00.998,40.513060530685365,-79.80466646149736,272.4496726989746,10.0
1570834801998,2019-10-11T23:00:01.998,40.513060530685365,-79.80466646149736,271.2012596130371,10.0
1570834802998,2019-10-11T23:00:02.998,40.513060530685365,-79.80466646149736,271.78713607788086,10.0
1570834803998,2019-10-11T23:00:03.998,40.513063757718086,-79.80470459915679,273.2616844177246,10.0
1570834804998,2019-10-11T23:00:04.998,40.51306744575548,-79.80473108597081,273.3966941833496,10.0
1570834805998,2019-10-11T23:00:05.998,40.51306815821725,-79.80475505821389,274.4372215270996,10.0
1570835459304,2019-10-11T23:10:59.304,40.51325927963237,-79.80449922139651,255.41871643066406,65.0
1570835466242,2019-10-11T23:11:06.242,40.51325927963237,-79.80449922139651,255.41871643066406,65.0
1570835466313,2019-10-11T23:11:06.313,40.51329584364641,-79.80450563791224,255.41871643066406,124.80924702189081
1570835466659,2019-10-11T23:11:06.659,40.513282363506285,-79.80446345239199,255.4249267578125,65.0
1570835468996,2019-10-11T23:11:08.996,40.51320172384429,-79.80437711819988,255.9650535583496,50.0
1570835469996,2019-10-11T23:11:09.996,40.51320172384429,-79.80437711819988,256.18142318725586,30.0
1570835470996,2019-10-11T23:11:10.996,40.51320172384429,-79.80437711819988,256.1491355895996,30.0
1570835471996,2019-10-11T23:11:11.996,40.51320172384429,-79.80437711819988,256.1169090270996,10.0
1570835472996,2019-10-11T23:11:12.996,40.51320172384429,-79.80437711819988,256.1382713317871,30.0
1570835473997,2019-10-11T23:11:13.997,40.51320172384429,-79.80437711819988,256.13833236694336,10.0
1570835474997,2019-10-11T23:11:14.997,40.51316886678386,-79.80449563831073,256.7898826599121,10.0
1570835475997,2019-10-11T23:11:15.997,40.51312896892476,-79.80454651646298,256.14760971069336,10.0
1570835476997,2019-10-11T23:11:16.997,40.51312402360189,-79.80460502214711,258.0645408630371,10.0
1570835477997,2019-10-11T23:11:17.997,40.51313098058152,-79.80464123196882,257.9867820739746,10.0
1570835478998,2019-10-11T23:11:18.998,40.513121341392875,-79.8046472669391,258.39297103881836,10.0
1570835479998,2019-10-11T23:11:19.998,40.513077336401224,-79.80463243097049,258.43447494506836,10.0
1570835480998,2019-10-11T23:11:20.998,40.513077336401224,-79.80463243097049,258.31728744506836,10.0
1570835481998,2019-10-11T23:11:21.998,40.513077336401224,-79.80463243097049,258.6986961364746,10.0
1570835482998,2019-10-11T23:11:22.998,40.513077336401224,-79.80463243097049,257.9251365661621,10.0
1570835483998,2019-10-11T23:11:23.998,40.51308555066633,-79.80465355336648,258.10073471069336,10.0
1570835484998,2019-10-11T23:11:24.998,40.513080772981525,-79.80464349508267,258.1250877380371,10.0
1570835485998,2019-10-11T23:11:25.998,40.51307402554947,-79.80463586755079,258.4485740661621,10.0
1570835486998,2019-10-11T23:11:26.998,40.51307402554947,-79.80463586755079,258.8180809020996,10.0
1570835487999,2019-10-11T23:11:27.999,40.51307402554947,-79.80463586755079,258.87697982788086,10.0
1570835488999,2019-10-11T23:11:28.999,40.51307402554947,-79.80463586755079,258.85244369506836,10.0
1570835489999,2019-10-11T23:11:29.999,40.51305554345298,-79.8045991548149,259.15493392944336,10.0
1570835490999,2019-10-11T23:11:30.999,40.513065601736784,-79.80462924584728,259.8673973083496,10.0
1570835491999,2019-10-11T23:11:31.999,40.513078551777184,-79.80465849868935,260.09707260131836,10.0
1570835492999,2019-10-11T23:11:32.999,40.51309397447902,-79.8046766036002,261.0569725036621,10.0
1570835493999,2019-10-11T23:11:33.999,40.51309397447902,-79.8046766036002,261.5102195739746,10.0
1570835494999,2019-10-11T23:11:34.999,40.51311656370807,-79.80467584922891,262.30788803100586,10.0
1570835495999,2019-10-11T23:11:35.999,40.51314615182626,-79.80467249646765,263.18850326538086,10.0
1570835496999,2019-10-11T23:11:36.999,40.51316522065598,-79.80466143235546,262.84231185913086,10.0
1570835497999,2019-10-11T23:11:37.999,40.51316522065598,-79.80466143235546,263.09585189819336,10.0
1570835498999,2019-10-11T23:11:38.999,40.51316522065598,-79.80466143235546,263.24660873413086,10.0
1570835499999,2019-10-11T23:11:39.999,40.51316522065598,-79.80466143235546,263.8020896911621,10.0
1570835500999,2019-10-11T23:11:40.999,40.51316522065598,-79.80466143235546,264.32729721069336,10.0
1570835501999,2019-10-11T23:11:41.999,40.51316522065598,-79.80466143235546,264.7806053161621,10.0
1570835502999,2019-10-11T23:11:42.999,40.51316522065598,-79.80466143235546,265.10500717163086,10.0
1570835503999,2019-10-11T23:11:43.999,40.51316522065598,-79.80466143235546,265.2952537536621,10.0
1570835504999,2019-10-11T23:11:44.999,40.51316522065598,-79.80466143235546,265.7211570739746,5.0
1570835505999,2019-10-11T23:11:45.999,40.51316522065598,-79.80466143235546,266.01699447631836,5.0
1570835506999,2019-10-11T23:11:46.999,40.51316522065598,-79.80466143235546,266.2073631286621,5.0
1570835507999,2019-10-11T23:11:47.999,40.51316522065598,-79.80466143235546,266.2011375427246,5.0
1570835509000,2019-10-11T23:11:49.000,40.51316522065598,-79.80466143235546,266.4998435974121,5.0
1570835510000,2019-10-11T23:11:50.000,40.51316522065598,-79.80466143235546,267.4069480895996,5.0
1570835511000,2019-10-11T23:11:51.000,40.51316522065598,-79.80466143235546,268.7576560974121,5.0
1570835512000,2019-10-11T23:11:52.000,40.51316672939855,-79.80462010957282,268.7416648864746,5.0
1570835513000,2019-10-11T23:11:53.000,40.513159269504726,-79.80460879400354,268.9584617614746,5.0
1570835514000,2019-10-11T23:11:54.000,40.51315717402893,-79.80460586033743,268.9407615661621,5.0
1570835515000,2019-10-11T23:11:55.000,40.51315717402893,-79.80460586033743,269.2694969177246,5.0
1570835516000,2019-10-11T23:11:56.000,40.51315717402893,-79.80460586033743,269.4204978942871,5.0
1570835517000,2019-10-11T23:11:57.000,40.51315717402893,-79.80460586033743,269.2067527770996,5.0
1570835518000,2019-10-11T23:11:58.000,40.51315717402893,-79.80460586033743,268.7581443786621,5.0
1570835519000,2019-10-11T23:11:59.000,40.51315717402893,-79.80460586033743,268.2990379333496,5.0
1570835520000,2019-10-11T23:12:00.000,40.51315717402893,-79.80460586033743,268.27517318725586,5.0
1570835521000,2019-10-11T23:12:01.000,40.51315717402893,-79.80460586033743,268.00234603881836,5.0
1570835522000,2019-10-11T23:12:02.000,40.51315717402893,-79.80460586033743,267.6194725036621,5.0
1570835523000,2019-10-11T23:12:03.000,40.51315717402893,-79.80460586033743,267.9543113708496,5.0
1570835524000,2019-10-11T23:12:04.000,40.51315717402893,-79.80460586033743,268.30715560913086,5.0
1570835525000,2019-10-11T23:12:05.000,40.51315717402893,-79.80460586033743,268.7797508239746,5.0
1570835526000,2019-10-11T23:12:06.000,40.51315717402893,-79.80460586033743,269.0437889099121,5.0
1570836133267,2019-10-11T23:22:13.267,40.513206241272705,-79.80455219686212,255.0,20.0
1570836186387,2019-10-11T23:23:06.387,40.51619833909843,-79.81066944044727,255.6835174560547,8000.0
1570836186460,2019-10-11T23:23:06.460,40.51621037119895,-79.81069448579433,255.6835174560547,8000.0
1570836186797,2019-10-11T23:23:06.797,40.51324341804361,-79.80452988894928,255.13873291015625,65.0
1570836188410,2019-10-11T23:23:08.410,40.51332321953076,-79.80456227444094,254.2116355895996,50.0
1570836189007,2019-10-11T23:23:09.007,40.51332321953076,-79.80456227444094,255.5889549255371,50.0
1570836190007,2019-10-11T23:23:10.007,40.51322062503594,-79.8045087978987,255.5092430114746,30.0
1570836191007,2019-10-11T23:23:11.007,40.51322062503594,-79.8045087978987,255.7954978942871,30.0
1570836192006,2019-10-11T23:23:12.006,40.51322062503594,-79.8045087978987,255.07070541381836,10.0
1570836193006,2019-10-11T23:23:13.006,40.51320851318586,-79.80460368104261,254.6701316833496,10.0
1570836194006,2019-10-11T23:23:14.006,40.513169411607564,-79.80467618450504,253.34865951538086,10.0
1570836195005,2019-10-11T23:23:15.005,40.513169411607564,-79.80467618450504,252.1077537536621,10.0
1570836196005,2019-10-11T23:23:16.005,40.513169411607564,-79.80467618450504,252.0614891052246,10.0
1570836197004,2019-10-11T23:23:17.004,40.513169411607564,-79.80467618450504,251.97182846069336,10.0
1570836198004,2019-10-11T23:23:18.004,40.513169411607564,-79.80467618450504,251.86672592163086,10.0
1570836199004,2019-10-11T23:23:19.004,40.513169411607564,-79.80467618450504,251.82119369506836,10.0
1570836200004,2019-10-11T23:23:20.004,40.513169411607564,-79.80467618450504,251.8554344177246,10.0
1570836201003,2019-10-11T23:23:21.003,40.513169411607564,-79.80467618450504,251.74209213256836,5.0
1570836202003,2019-10-11T23:23:22.003,40.513169411607564,-79.80467618450504,251.70718002319336,5.0
1570836203003,2019-10-11T23:23:23.003,40.513169411607564,-79.80467618450504,250.7471580505371,5.0
1570836204003,2019-10-11T23:23:24.003,40.513169411607564,-79.80467618450504,251.0066795349121,5.0
1570836205002,2019-10-11T23:23:25.002,40.513169411607564,-79.80467618450504,250.93569564819336,5.0
1570836206002,2019-10-11T23:23:26.002,40.513169411607564,-79.80467618450504,250.9473533630371,5.0
1570836207002,2019-10-11T23:23:27.002,40.513169411607564,-79.80467618450504,250.94338607788086,5.0
1570836208002,2019-10-11T23:23:28.002,40.513169411607564,-79.80467618450504,250.77175521850586,5.0
1570836209002,2019-10-11T23:23:29.002,40.513169411607564,-79.80467618450504,250.61086654663086,5.0
1570836210001,2019-10-11T23:23:30.001,40.513169411607564,-79.80467618450504,250.5535545349121,5.0
1570836211001,2019-10-11T23:23:31.001,40.513169411607564,-79.80467618450504,250.7388572692871,5.0
1570836212001,2019-10-11T23:23:32.001,40.513169411607564,-79.80467618450504,250.7753562927246,5.0
1570836213001,2019-10-11T23:23:33.001,40.513169411607564,-79.80467618450504,250.62380599975586,5.0
1570836214001,2019-10-11T23:23:34.001,40.513169411607564,-79.80467618450504,250.55263900756836,5.0
1570836215001,2019-10-11T23:23:35.001,40.513169411607564,-79.80467618450504,250.37270736694336,5.0
1570836216001,2019-10-11T23:23:36.001,40.513169411607564,-79.80467618450504,250.2786521911621,5.0
1570836217001,2019-10-11T23:23:37.001,40.513169411607564,-79.80467618450504,250.20266342163086,5.0
1570836218000,2019-10-11T23:23:38.000,40.513169411607564,-79.80467618450504,250.1162986755371,5.0
1570836219000,2019-10-11T23:23:39.000,40.513169411607564,-79.80467618450504,249.9775047302246,5.0
1570836220000,2019-10-11T23:23:40.000,40.513169411607564,-79.80467618450504,250.1592674255371,5.0
1570836221000,2019-10-11T23:23:41.000,40.513169411607564,-79.80467618450504,250.20730209350586,5.0
1570836222000,2019-10-11T23:23:42.000,40.513169411607564,-79.80467618450504,250.19814682006836,5.0
1570836223000,2019-10-11T23:23:43.000,40.513169411607564,-79.80467618450504,250.2403221130371,5.0
1570836224000,2019-10-11T23:23:44.000,40.513169411607564,-79.80467618450504,250.27456283569336,5.0
1570836225000,2019-10-11T23:23:45.000,40.513169411607564,-79.80467618450504,250.3415184020996,5.0
1570836226000,2019-10-11T23:23:46.000,40.513169411607564,-79.80467618450504,250.17629623413086,5.0
1570836227000,2019-10-11T23:23:47.000,40.513169411607564,-79.80467618450504,250.22426986694336,5.0
1570836228000,2019-10-11T23:23:48.000,40.513169411607564,-79.80467618450504,250.20437240600586,5.0
1570836229000,2019-10-11T23:23:49.000,40.513169411607564,-79.80467618450504,250.21645736694336,5.0
1570836230000,2019-10-11T23:23:50.000,40.513169411607564,-79.80467618450504,250.2864646911621,5.0
1570836231000,2019-10-11T23:23:51.000,40.513169411607564,-79.80467618450504,250.2431297302246,5.0
1570836232000,2019-10-11T23:23:52.000,40.513169411607564,-79.80467618450504,250.2676658630371,5.0
1570836232999,2019-10-11T23:23:52.999,40.513169411607564,-79.80467618450504,250.18520736694336,5.0
1570836233999,2019-10-11T23:23:53.999,40.513169411607564,-79.80467618450504,250.1230125427246,5.0
1570836234999,2019-10-11T23:23:54.999,40.513169411607564,-79.80467618450504,250.07143783569336,5.0
1570836235999,2019-10-11T23:23:55.999,40.513169411607564,-79.80467618450504,249.98452377319336,5.0
1570836236999,2019-10-11T23:23:56.999,40.513169411607564,-79.80467618450504,250.1238670349121,5.0
1570836237999,2019-10-11T23:23:57.999,40.513169411607564,-79.80467618450504,250.2579002380371,5.0
1570836238999,2019-10-11T23:23:58.999,40.513169411607564,-79.80467618450504,250.1745262145996,5.0
1570836239999,2019-10-11T23:23:59.999,40.513169411607564,-79.80467618450504,250.0979881286621,5.0
1570836240999,2019-10-11T23:24:00.999,40.513169411607564,-79.80467618450504,250.0297508239746,5.0
1570836241999,2019-10-11T23:24:01.999,40.513169411607564,-79.80467618450504,249.9006004333496,5.0
1570836242999,2019-10-11T23:24:02.999,40.513169411607564,-79.80467618450504,249.88955307006836,5.0
1570836243999,2019-10-11T23:24:03.999,40.513169411607564,-79.80467618450504,249.85207748413086,5.0
1570836244999,2019-10-11T23:24:04.999,40.513169411607564,-79.80467618450504,250.0236473083496,5.0
1570836245999,2019-10-11T23:24:05.999,40.513169411607564,-79.80467618450504,250.2139549255371,5.0
1570836902602,2019-10-11T23:35:02.602,40.51321212095684,-79.80447948154473,255.29495239257812,65.0
1570836907494,2019-10-11T23:35:07.494,40.51321212095684,-79.80447948154473,255.29495239257812,65.0
1570836907500,2019-10-11T23:35:07.500,40.51322866309723,-79.80454822689124,255.17393493652344,65.0
1570836907500,2019-10-11T23:35:07.500,40.51323216290904,-79.80456277129797,255.1544647216797,65.0
1570836909036,2019-10-11T23:35:09.036,40.51327070051125,-79.80451077967825,255.2508544921875,65.0
1570836909997,2019-10-11T23:35:09.997,40.51303115211475,-79.80452723808568,256.8601951599121,50.0
1570836910997,2019-10-11T23:35:10.997,40.51303115211475,-79.80452723808568,256.9651756286621,50.0
1570836911997,2019-10-11T23:35:11.997,40.51303115211475,-79.80452723808568,257.0613670349121,50.0
1570836912997,2019-10-11T23:35:12.997,40.51303115211475,-79.80452723808568,257.05776596069336,50.0
1570836913997,2019-10-11T23:35:13.997,40.51303115211475,-79.80452723808568,257.11001205444336,30.0
1570836914997,2019-10-11T23:35:14.997,40.51303115211475,-79.80452723808568,257.1363182067871,30.0
1570836915997,2019-10-11T23:35:15.997,40.51303115211475,-79.80452723808568,257.11758041381836,30.0
1570836916998,2019-10-11T23:35:16.998,40.51303115211475,-79.80452723808568,257.10134506225586,30.0
1570836917998,2019-10-11T23:35:17.998,40.51303115211475,-79.80452723808568,257.1275291442871,30.0
1570836918998,2019-10-11T23:35:18.998,40.51303115211475,-79.80452723808568,257.16653060913086,30.0
1570836919998,2019-10-11T23:35:19.998,40.51303115211475,-79.80452723808568,257.1906394958496,30.0
1570836920998,2019-10-11T23:35:20.998,40.51303115211475,-79.80452723808568,257.1590232849121,30.0
1570836921998,2019-10-11T23:35:21.998,40.51303115211475,-79.80452723808568,257.12588119506836,30.0
1570836922998,2019-10-11T23:35:22.998,40.51303115211475,-79.80452723808568,257.10415267944336,30.0
1570836923998,2019-10-11T23:35:23.998,40.51303115211475,-79.80452723808568,257.0686912536621,30.0
1570836924998,2019-10-11T23:35:24.998,40.51303115211475,-79.80452723808568,257.0434226989746,30.0
1570836925998,2019-10-11T23:35:25.998,40.51303115211475,-79.80452723808568,257.02138900756836,30.0
1570836926998,2019-10-11T23:35:26.998,40.51303115211475,-79.80452723808568,257.0245018005371,30.0
1570836927998,2019-10-11T23:35:27.998,40.51303115211475,-79.80452723808568,257.03701400756836,30.0
1570836928999,2019-10-11T23:35:28.999,40.51303115211475,-79.80452723808568,257.05764389038086,10.0
1570836929999,2019-10-11T23:35:29.999,40.51303115211475,-79.80452723808568,257.0729637145996,10.0
1570836930999,2019-10-11T23:35:30.999,40.51303115211475,-79.80452723808568,257.10976791381836,10.0
1570836931999,2019-10-11T23:35:31.999,40.51303115211475,-79.80452723808568,257.14199447631836,10.0
1570836932999,2019-10-11T23:35:32.999,40.51303115211475,-79.80452723808568,257.1374168395996,10.0
1570836933999,2019-10-11T23:35:33.999,40.51303115211475,-79.80452723808568,257.12343978881836,10.0
1570836934999,2019-10-11T23:35:34.999,40.51303115211475,-79.80452723808568,257.11062240600586,10.0
1570836935999,2019-10-11T23:35:35.999,40.51303115211475,-79.80452723808568,257.0916404724121,10.0
1570836936999,2019-10-11T23:35:36.999,40.51303115211475,-79.80452723808568,257.06484603881836,10.0
1570836937999,2019-10-11T23:35:37.999,40.51303115211475,-79.80452723808568,257.02175521850586,10.0
1570836938999,2019-10-11T23:35:38.999,40.51303115211475,-79.80452723808568,257.0041160583496,10.0
1570836939999,2019-10-11T23:35:39.999,40.51303115211475,-79.80452723808568,257.0144920349121,10.0
1570836940999,2019-10-11T23:35:40.999,40.51303115211475,-79.80452723808568,257.02712631225586,10.0
1570836941999,2019-10-11T23:35:41.999,40.51303115211475,-79.80452723808568,257.0430564880371,10.0
1570836942999,2019-10-11T23:35:42.999,40.51303115211475,-79.80452723808568,257.0533103942871,10.0
1570836943999,2019-10-11T23:35:43.999,40.51303115211475,-79.80452723808568,257.0645408630371,10.0
1570836944999,2019-10-11T23:35:44.999,40.51303115211475,-79.80452723808568,257.0724754333496,10.0
1570836945999,2019-10-11T23:35:45.999,40.51303115211475,-79.80452723808568,257.0473289489746,10.0
1570836946999,2019-10-11T23:35:46.999,40.51303115211475,-79.80452723808568,256.98464584350586,10.0
1570836947999,2019-10-11T23:35:47.999,40.51303115211475,-79.80452723808568,256.9451560974121,10.0
1570836948999,2019-10-11T23:35:48.999,40.51303115211475,-79.80452723808568,256.9068260192871,10.0
1570836949999,2019-10-11T23:35:49.999,40.51303115211475,-79.80452723808568,256.90005111694336,10.0
1570836950999,2019-10-11T23:35:50.999,40.51303115211475,-79.80452723808568,256.85232162475586,30.0
1570836951999,2019-10-11T23:35:51.999,40.51303115211475,-79.80452723808568,256.8483543395996,30.0
1570836952999,2019-10-11T23:35:52.999,40.51303115211475,-79.80452723808568,256.8885154724121,30.0
1570836953999,2019-10-11T23:35:53.999,40.51303115211475,-79.80452723808568,256.9120750427246,10.0
1570836954999,2019-10-11T23:35:54.999,40.51303115211475,-79.80452723808568,256.8864402770996,10.0
1570836955999,2019-10-11T23:35:55.999,40.51303115211475,-79.80452723808568,256.88393783569336,10.0
1570836956999,2019-10-11T23:35:56.999,40.51303115211475,-79.80452723808568,256.80813217163086,30.0
1570836957999,2019-10-11T23:35:57.999,40.51303115211475,-79.80452723808568,256.7720603942871,30.0
1570836958999,2019-10-11T23:35:58.999,40.51303115211475,-79.80452723808568,256.7308006286621,30.0
1570836959999,2019-10-11T23:35:59.999,40.51303115211475,-79.80452723808568,256.7032127380371,30.0
1570836960999,2019-10-11T23:36:00.999,40.51303115211475,-79.80452723808568,256.68740463256836,30.0
1570836961999,2019-10-11T23:36:01.999,40.51304573662627,-79.8045849055795,256.6846580505371,30.0
1570836962999,2019-10-11T23:36:02.999,40.51304573662627,-79.8045849055795,256.7402000427246,30.0
1570836963999,2019-10-11T23:36:03.999,40.51304573662627,-79.8045849055795,256.75905990600586,30.0
1570836964999,2019-10-11T23:36:04.999,40.51304573662627,-79.8045849055795,256.7610740661621,30.0
1570836965999,2019-10-11T23:36:05.999,40.51304573662627,-79.8045849055795,256.78078842163086,30.0
1570836966999,2019-10-11T23:36:06.999,40.51304573662627,-79.8045849055795,256.8169822692871,30.0
