1571068852555,2019-10-14T16:00:52.555,40.51324005437595,-79.80447976748667,254.81826115006342,20.0
1571068858519,2019-10-14T16:00:58.519,40.51325722435875,-79.80454214936087,255.18553161621094,65.0
1571068986620,2019-10-14T16:03:06.620,40.51367003539971,-79.80545610711637,255.18553161621094,3465.045905572197
1571068986968,2019-10-14T16:03:06.968,40.51325396829804,-79.8045314635721,255.06175231933594,65.0
1571068993398,2019-10-14T16:03:13.398,40.513229026381005,-79.80451487667388,255.0638885498047,65.0
1571068999470,2019-10-14T16:03:19.470,40.51324830906997,-79.80455166563236,255.0353546142578,65.0
1571069005897,2019-10-14T16:03:25.897,40.51326684549138,-79.80454770029135,255.10104370117188,65.0
1571069013237,2019-10-14T16:03:33.237,40.51322244951947,-79.80452689411399,254.97958374023438,65.0
1571069019457,2019-10-14T16:03:39.457,40.51325026538301,-79.804492121702,255.23939514160156,65.0
1571069019999,2019-10-14T16:03:39.999,40.51329459533143,-79.80455062359553,256.01125717163086,50.0
1571069020999,2019-10-14T16:03:40.999,40.51329459533143,-79.80455062359553,256.00063705444336,50.0
1571069021999,2019-10-14T16:03:41.999,40.51329459533143,-79.80455062359553,255.9960594177246,50.0
1571069022999,2019-10-14T16:03:42.999,40.51329459533143,-79.80455062359553,255.9953269958496,50.0
1571069023999,2019-10-14T16:03:43.999,40.51329459533143,-79.80455062359553,256.00027084350586,50.0
1571069024999,2019-10-14T16:03:44.999,40.51329459533143,-79.80455062359553,256.00124740600586,50.0
1571069025999,2019-10-14T16:03:45.999,40.51324987787801,-79.80453084230405,255.99624252319336,30.0
1571069026999,2019-10-14T16:03:46.999,40.51305089149672,-79.80497592136246,255.7624168395996,10.0
1571069027999,2019-10-14T16:03:47.999,40.51305089149672,-79.80497592136246,255.97707748413086,10.0
1571069028999,2019-10-14T16:03:48.999,40.51305089149672,-79.80497592136246,257.1541404724121,10.0
1571069029999,2019-10-14T16:03:49.999,40.51305089149672,-79.80497592136246,256.8319969177246,10.0
1571069030999,2019-10-14T16:03:50.999,40.51305089149672,-79.80497592136246,258.13064193725586,10.0
1571069031999,2019-10-14T16:03:51.999,40.513052945062995,-79.80494390249234,258.0701560974121,16.317999468149836
1571069032999,2019-10-14T16:03:52.999,40.51304867029238,-79.80493987917882,257.6040916442871,16.079068304345828
1571069033999,2019-10-14T16:03:53.999,40.51304682627368,-79.80493107818049,257.76443099975586,17.775990350434128
1571069034999,2019-10-14T16:03:54.999,40.51304682627368,-79.80493107818049,258.1042137145996,17.775990350434128
1571069035999,2019-10-14T16:03:55.999,40.513041419946134,-79.80492839597147,257.8300437927246,18.261334109359964
1571069036999,2019-10-14T16:03:56.999,40.513041419946134,-79.80492839597147,257.3969383239746,16.145689345026135
1571069037999,2019-10-14T16:03:57.999,40.513041419946134,-79.80492839597147,257.14187240600586,18.261334109359964
1571069038999,2019-10-14T16:03:58.999,40.51304355733144,-79.80492613285762,256.5743064880371,16.450102865537772
1571069039999,2019-10-14T16:03:59.999,40.5130450241645,-79.80492051698249,256.69057846069336,17.679130607406613
1571069040999,2019-10-14T16:04:00.999,40.5130450241645,-79.80492051698249,256.9950828552246,17.679130607406613
1571069041999,2019-10-14T16:04:01.999,40.51305889621425,-79.80490484282356,256.7300682067871,15.912434964209114
1571069042999,2019-10-14T16:04:02.999,40.51306736193645,-79.80489545509201,257.1514549255371,14.948396789849554
1571069043999,2019-10-14T16:04:03.999,40.513076707758486,-79.80488740846496,255.80337142944336,13.979734406204688
1571069044999,2019-10-14T16:04:04.999,40.513076707758486,-79.80488740846496,255.8117332458496,13.995538789767082
1571069045999,2019-10-14T16:04:05.999,40.51309288483161,-79.80487156666797,255.7264060974121,10.0
1571069702189,2019-10-14T16:15:02.189,40.5132280555154,-79.80450478852049,255.28802490234375,65.0
1571069706710,2019-10-14T16:15:06.710,40.5132280555154,-79.80450478852049,255.28802490234375,65.0
1571069711998,2019-10-14T16:15:11.998,40.51322764122767,-79.80450477630669,255.40579223632812,200.0
1571069712473,2019-10-14T16:15:12.473,40.51321330464547,-79.80450274460615,255.08279418945312,65.0
1571069718848,2019-10-14T16:15:18.848,40.51322049689875,-79.80449730431775,255.18190002441406,65.0
1571069725281,2019-10-14T16:15:25.281,40.51323318359547,-79.80449542474463,255.1825408935547,65.0
1571069725999,2019-10-14T16:15:25.999,40.51302767362493,-79.80464207015913,256.19057846069336,50.0
1571069726999,2019-10-14T16:15:26.999,40.51302767362493,-79.80464207015913,256.1951560974121,100.0
1571069727999,2019-10-14T16:15:27.999,40.51302767362493,-79.80464207015913,256.1917381286621,100.0
1571069728999,2019-10-14T16:15:28.999,40.51302767362493,-79.80464207015913,256.1885643005371,100.0
1571069729999,2019-10-14T16:15:29.999,40.51303425341892,-79.80470401242357,256.17983627319336,100.0
1571069730999,2019-10-14T16:15:30.999,40.51303425341892,-79.80470401242357,256.16530990600586,100.0
1571069731999,2019-10-14T16:15:31.999,40.51303425341892,-79.80470401242357,256.1484031677246,100.0
1571069732999,2019-10-14T16:15:32.999,40.51303425341892,-79.80470401242357,256.1416893005371,100.0
1571069733999,2019-10-14T16:15:33.999,40.51305319652009,-79.80476084172707,256.13918685913086,100.0
1571069734999,2019-10-14T16:15:34.999,40.51305319652009,-79.80476084172707,256.12929916381836,100.0
1571069735999,2019-10-14T16:15:35.999,40.513053196520076,-79.80476084172705,256.1293029785156,200.0
1571069736999,2019-10-14T16:15:36.999,40.513053196520076,-79.80476084172705,256.12896728515625,200.0
1571069737999,2019-10-14T16:15:37.999,40.51305319652009,-79.80476084172707,256.1280174255371,100.0
1571069739000,2019-10-14T16:15:39.000,40.51305319652009,-79.80476084172707,256.1294822692871,100.0
1571069740000,2019-10-14T16:15:40.000,40.51305319652009,-79.80476084172707,256.13344955444336,100.0
1571069741000,2019-10-14T16:15:41.000,40.51305319652009,-79.80476084172707,256.1335105895996,100.0
1571069742000,2019-10-14T16:15:42.000,40.51305319652009,-79.80476084172707,256.1363182067871,100.0
1571069743000,2019-10-14T16:15:43.000,40.51305319652009,-79.80476084172707,256.1292381286621,100.0
1571069744000,2019-10-14T16:15:44.000,40.51305319652009,-79.80476084172707,256.1292381286621,100.0
1571069745000,2019-10-14T16:15:45.000,40.51305319652009,-79.80476084172707,256.1277732849121,100.0
1571069746000,2019-10-14T16:15:46.000,40.51305319652009,-79.80476084172707,256.1236228942871,100.0
1571069747000,2019-10-14T16:15:47.000,40.51305319652009,-79.80476084172707,256.1265525817871,100.0
1571069748000,2019-10-14T16:15:48.000,40.51305319652009,-79.80476084172707,256.12966537475586,100.0
1571069749000,2019-10-14T16:15:49.000,40.51305319652009,-79.80476084172707,256.12551498413086,100.0
1571069750000,2019-10-14T16:15:50.000,40.51305319652009,-79.80476084172707,256.1210594177246,100.0
1571069751000,2019-10-14T16:15:51.000,40.51305319652009,-79.80476084172707,256.1280174255371,100.0
1571069752000,2019-10-14T16:15:52.000,40.51305319652009,-79.80476084172707,256.13198471069336,100.0
1571069753000,2019-10-14T16:15:53.000,40.51305319652009,-79.80476084172707,256.13906478881836,50.0
1571069754000,2019-10-14T16:15:54.000,40.51305319652009,-79.80476084172707,256.1470603942871,50.0
1571069755000,2019-10-14T16:15:55.000,40.51305319652009,-79.80476084172707,256.1519432067871,50.0
1571069756000,2019-10-14T16:15:56.000,40.51305319652009,-79.80476084172707,256.1623191833496,50.0
1571069757000,2019-10-14T16:15:57.000,40.51305319652009,-79.80476084172707,256.17226791381836,50.0
1571069758000,2019-10-14T16:15:58.000,40.51305319652009,-79.80476084172707,256.17788314819336,50.0
1571069759000,2019-10-14T16:15:59.000,40.51305319652009,-79.80476084172707,256.1818504333496,50.0
1571069760000,2019-10-14T16:16:00.000,40.51305319652009,-79.80476084172707,256.1769676208496,50.0
1571069761000,2019-10-14T16:16:01.000,40.51305319652009,-79.80476084172707,256.1746482849121,50.0
1571069762000,2019-10-14T16:16:02.000,40.51305319652009,-79.80476084172707,256.16994857788086,50.0
1571069763000,2019-10-14T16:16:03.000,40.51305319652009,-79.80476084172707,256.1718406677246,50.0
1571069764000,2019-10-14T16:16:04.000,40.51305319652009,-79.80476084172707,256.1715965270996,50.0
1571069765000,2019-10-14T16:16:05.000,40.51305319652009,-79.80476084172707,256.17214584350586,50.0
1571069766000,2019-10-14T16:16:06.000,40.51305319652009,-79.80476084172707,256.17080307006836,50.0
1571070425160,2019-10-14T16:27:05.160,40.51322795373703,-79.80455573178887,255.13172912597656,65.0
1571070426828,2019-10-14T16:27:06.828,40.51322795373703,-79.80455573178887,255.13172912597656,65.0
1571070427111,2019-10-14T16:27:07.111,40.51322795373064,-79.80455573205398,255.13172912597656,65.0
1571070427273,2019-10-14T16:27:07.273,40.51323670902648,-79.80454211401815,255.15841674804688,65.0
1571070433007,2019-10-14T16:27:13.007,40.51324036441791,-79.80453821837884,256.20058822631836,50.0
1571070434007,2019-10-14T16:27:14.007,40.51324036441791,-79.80453821837884,256.2260398864746,50.0
1571070435006,2019-10-14T16:27:15.006,40.51324036441791,-79.80453821837884,256.2461814880371,30.0
1571070436006,2019-10-14T16:27:16.006,40.51324036441791,-79.80453821837884,256.25197982788086,30.0
1571070437005,2019-10-14T16:27:17.005,40.51324036441791,-79.80453821837884,256.2644920349121,30.0
1571070438005,2019-10-14T16:27:18.005,40.51324036441791,-79.80453821837884,256.2714500427246,30.0
1571070439005,2019-10-14T16:27:19.005,40.51324036441791,-79.80453821837884,256.2640037536621,30.0
1571070440004,2019-10-14T16:27:20.004,40.51324036441791,-79.80453821837884,256.25832748413086,30.0
1571070441004,2019-10-14T16:27:21.004,40.51324036441791,-79.80453821837884,256.26870346069336,30.0
1571070442004,2019-10-14T16:27:22.004,40.51324036441791,-79.80453821837884,256.2723045349121,30.0
1571070443003,2019-10-14T16:27:23.003,40.51324036441791,-79.80453821837884,256.2788963317871,30.0
1571070444003,2019-10-14T16:27:24.003,40.51324036441791,-79.80453821837884,256.28347396850586,30.0
1571070445003,2019-10-14T16:27:25.003,40.51324036441791,-79.80453821837884,256.28628158569336,30.0
1571070446003,2019-10-14T16:27:26.003,40.51324036441791,-79.80453821837884,256.28542709350586,30.0
1571070447002,2019-10-14T16:27:27.002,40.51324036441791,-79.80453821837884,256.2862205505371,30.0
1571070448002,2019-10-14T16:27:28.002,40.51324036441791,-79.80453821837884,256.2876853942871,30.0
1571070449002,2019-10-14T16:27:29.002,40.51324036441791,-79.80453821837884,256.2780418395996,30.0
1571070450002,2019-10-14T16:27:30.002,40.51324036441791,-79.80453821837884,256.2657127380371,30.0
1571070451002,2019-10-14T16:27:31.002,40.51324036441791,-79.80453821837884,256.2505760192871,30.0
1571070452001,2019-10-14T16:27:32.001,40.51324036441791,-79.80453821837884,256.2485008239746,30.0
1571070453001,2019-10-14T16:27:33.001,40.51324036441791,-79.80453821837884,256.2497215270996,30.0
1571070454001,2019-10-14T16:27:34.001,40.51324036441791,-79.80453821837884,256.23781967163086,50.0
1571070455001,2019-10-14T16:27:35.001,40.51324036441791,-79.80453821837884,256.2408103942871,50.0
1571070456001,2019-10-14T16:27:36.001,40.51324036441791,-79.80453821837884,256.2404441833496,50.0
1571070457001,2019-10-14T16:27:37.001,40.51324036441791,-79.80453821837884,256.2410545349121,50.0
1571070458001,2019-10-14T16:27:38.001,40.51324036441791,-79.80453821837884,256.24465560913086,50.0
1571070459001,2019-10-14T16:27:39.001,40.51324036441791,-79.80453821837884,256.2453269958496,50.0
1571070460000,2019-10-14T16:27:40.000,40.51324036441791,-79.80453821837884,256.2463035583496,50.0
1571070461000,2019-10-14T16:27:41.000,40.51324036441791,-79.80453821837884,256.2449607849121,50.0
1571070462000,2019-10-14T16:27:42.000,40.51324036441791,-79.80453821837884,256.24465560913086,50.0
1571070463000,2019-10-14T16:27:43.000,40.51324036441791,-79.80453821837884,256.2443504333496,50.0
1571070464000,2019-10-14T16:27:44.000,40.51324036441791,-79.80453821837884,256.24392318725586,50.0
1571070465000,2019-10-14T16:27:45.000,40.51324036441791,-79.80453821837884,256.2456932067871,50.0
1571070466000,2019-10-14T16:27:46.000,40.51324036441791,-79.80453821837884,256.2493553161621,50.0
1571070467000,2019-10-14T16:27:47.000,40.51324036441791,-79.80453821837884,256.2564353942871,50.0
1571070468000,2019-10-14T16:27:48.000,40.51324036441791,-79.80453821837884,256.26394271850586,50.0
1571070469000,2019-10-14T16:27:49.000,40.51324036441791,-79.80453821837884,256.2637596130371,50.0
1571070470000,2019-10-14T16:27:50.000,40.51324036441791,-79.80453821837884,256.2532615661621,50.0
1571070471000,2019-10-14T16:27:51.000,40.51324036441791,-79.80453821837884,256.2470359802246,50.0
1571070472000,2019-10-14T16:27:52.000,40.51324036441791,-79.80453821837884,256.2381248474121,50.0
1571070472999,2019-10-14T16:27:52.999,40.51324036441791,-79.80453821837884,256.2322654724121,50.0
1571070473999,2019-10-14T16:27:53.999,40.51324036441791,-79.80453821837884,256.23965072631836,50.0
1571070474999,2019-10-14T16:27:54.999,40.51324036441791,-79.80453821837884,256.2394676208496,50.0
1571070475999,2019-10-14T16:27:55.999,40.51324036441791,-79.80453821837884,256.2408103942871,50.0
1571070476999,2019-10-14T16:27:56.999,40.51324036441791,-79.80453821837884,256.2445945739746,50.0
1571070477999,2019-10-14T16:27:57.999,40.51324036441791,-79.80453821837884,256.2436180114746,50.0
1571070478999,2019-10-14T16:27:58.999,40.51324036441791,-79.80453821837884,256.2406883239746,50.0
1571070479999,2019-10-14T16:27:59.999,40.51324036441791,-79.80453821837884,256.23855209350586,50.0
1571070480999,2019-10-14T16:28:00.999,40.51324036441791,-79.80453821837884,256.2367820739746,50.0
1571070481999,2019-10-14T16:28:01.999,40.51324036441791,-79.80453821837884,256.2372703552246,50.0
1571070482999,2019-10-14T16:28:02.999,40.51324036441791,-79.80453821837884,256.23611068725586,50.0
1571070483999,2019-10-14T16:28:03.999,40.51324036441791,-79.80453821837884,256.23659896850586,50.0
1571070484999,2019-10-14T16:28:04.999,40.51324036441791,-79.80453821837884,256.2367820739746,50.0
1571070485999,2019-10-14T16:28:05.999,40.51324036441791,-79.80453821837884,256.2380027770996,50.0
1571071143147,2019-10-14T16:39:03.147,40.51322454888614,-79.80459030429125,255.20570373535156,65.0
1571071146925,2019-10-14T16:39:06.925,40.51322454888614,-79.80459030429125,255.20570373535156,65.0
1571071147233,2019-10-14T16:39:07.233,40.513224548882285,-79.8045903043713,255.20570373535156,65.0
1571071147366,2019-10-14T16:39:07.366,40.51324683412112,-79.80451432032312,255.18817138671875,65.0
1571071149996,2019-10-14T16:39:09.996,40.51311681516516,-79.8046816327421,256.4665184020996,50.0
1571071150996,2019-10-14T16:39:10.996,40.51311681516516,-79.8046816327421,256.25100326538086,30.0
1571071151996,2019-10-14T16:39:11.996,40.51311681516516,-79.8046816327421,256.22182846069336,30.0
1571071152996,2019-10-14T16:39:12.996,40.51311681516516,-79.8046816327421,256.1672019958496,50.0
1571071153996,2019-10-14T16:39:13.996,40.51311681516516,-79.8046816327421,256.12051010131836,50.0
1571071154997,2019-10-14T16:39:14.997,40.51311681516516,-79.8046816327421,256.1043357849121,50.0
1571071155997,2019-10-14T16:39:15.997,40.51311681516516,-79.8046816327421,256.0785789489746,50.0
1571071156997,2019-10-14T16:39:16.997,40.51311681516516,-79.8046816327421,256.07387924194336,50.0
1571071157997,2019-10-14T16:39:17.997,40.51312314350206,-79.80475120253843,256.0788230895996,50.0
1571071158997,2019-10-14T16:39:18.997,40.51312314350206,-79.80475120253843,256.0882225036621,50.0
1571071159997,2019-10-14T16:39:19.997,40.51312314350206,-79.80475120253843,256.10818099975586,50.0
1571071160998,2019-10-14T16:39:20.998,40.51312314350206,-79.80475120253843,256.1017723083496,50.0
1571071161998,2019-10-14T16:39:21.998,40.51312314350206,-79.80475120253843,256.1214256286621,50.0
1571071162998,2019-10-14T16:39:22.998,40.51312314350206,-79.80475120253843,256.1090965270996,30.0
1571071163998,2019-10-14T16:39:23.998,40.51312314350206,-79.80475120253843,256.0910301208496,30.0
1571071164998,2019-10-14T16:39:24.998,40.51312314350206,-79.80475120253843,256.0900535583496,30.0
1571071165998,2019-10-14T16:39:25.998,40.51312314350206,-79.80475120253843,256.03896713256836,50.0
1571071166998,2019-10-14T16:39:26.998,40.51312314350206,-79.80475120253843,256.05581283569336,50.0
1571071167998,2019-10-14T16:39:27.998,40.51312314350206,-79.80475120253843,256.0612449645996,30.0
1571071168998,2019-10-14T16:39:28.998,40.51312314350206,-79.80475120253843,256.07790756225586,30.0
1571071169998,2019-10-14T16:39:29.998,40.51312314350206,-79.80475120253843,256.0827293395996,30.0
1571071170998,2019-10-14T16:39:30.998,40.51312314350206,-79.80475120253843,256.05508041381836,30.0
1571071171998,2019-10-14T16:39:31.998,40.51312314350206,-79.80475120253843,256.07729721069336,30.0
1571071172998,2019-10-14T16:39:32.998,40.51312314350206,-79.80475120253843,256.1089744567871,30.0
1571071173999,2019-10-14T16:39:33.999,40.513110822104395,-79.80476360775512,256.9698143005371,30.0
1571071174999,2019-10-14T16:39:34.999,40.51309569276917,-79.8047439941017,257.2585105895996,10.0
1571071175999,2019-10-14T16:39:35.999,40.51306736193645,-79.80471817783993,257.3120994567871,10.0
1571071176999,2019-10-14T16:39:36.999,40.51306736193645,-79.80471817783993,258.4322166442871,10.0
1571071177999,2019-10-14T16:39:37.999,40.51305311270106,-79.80470702990871,257.7519187927246,10.0
1571071178999,2019-10-14T16:39:38.999,40.51304380878854,-79.80470292277616,257.5727195739746,10.0
1571071179999,2019-10-14T16:39:39.999,40.51304380878854,-79.80470292277616,259.84389877319336,10.0
1571071180999,2019-10-14T16:39:40.999,40.51304380878854,-79.80470292277616,260.40749740600586,10.0
1571071181999,2019-10-14T16:39:41.999,40.51304380878854,-79.80470292277616,261.44179916381836,5.0
1571071182999,2019-10-14T16:39:42.999,40.51304380878854,-79.80470292277616,261.78799057006836,5.0
1571071183999,2019-10-14T16:39:43.999,40.51304380878854,-79.80470292277616,261.8484764099121,5.0
1571071184999,2019-10-14T16:39:44.999,40.513029978648305,-79.80469336740654,261.77688217163086,5.0
1571071185999,2019-10-14T16:39:45.999,40.51302054900724,-79.8046906013785,262.33132553100586,5.0
1571071186999,2019-10-14T16:39:46.999,40.51300835333812,-79.80468750007432,262.4301414489746,6.7491546427954345
1571071187999,2019-10-14T16:39:47.999,40.51300349183428,-79.80468632660788,262.5949363708496,7.29805248473755
1571071188999,2019-10-14T16:39:48.999,40.51300349183428,-79.80468632660788,262.6842918395996,7.29805248473755
1571071189999,2019-10-14T16:39:49.999,40.51300349183428,-79.80468632660788,262.6412010192871,7.29805248473755
1571071190999,2019-10-14T16:39:50.999,40.51300349183428,-79.80468632660788,262.6868553161621,7.29805248473755
1571071191999,2019-10-14T16:39:51.999,40.51300349183428,-79.80468632660788,262.7134666442871,7.29805248473755
1571071192999,2019-10-14T16:39:52.999,40.51300349183428,-79.80468632660788,262.9295310974121,7.29805248473755
1571071193999,2019-10-14T16:39:53.999,40.51300349183428,-79.80468632660788,262.9089012145996,7.29805248473755
1571071194999,2019-10-14T16:39:54.999,40.51300349183428,-79.80468632660788,262.9327049255371,7.29805248473755
1571071195999,2019-10-14T16:39:55.999,40.51300349183428,-79.80468632660788,262.97573471069336,7.29805248473755
1571071196999,2019-10-14T16:39:56.999,40.51300349183428,-79.80468632660788,262.9646873474121,7.29805248473755
1571071197999,2019-10-14T16:39:57.999,40.51300349183428,-79.80468632660788,263.1462059020996,7.29805248473755
1571071198999,2019-10-14T16:39:58.999,40.51300349183428,-79.80468632660788,263.15456771850586,7.29805248473755
1571071199999,2019-10-14T16:39:59.999,40.51300349183428,-79.80468632660788,263.3117332458496,7.29805248473755
1571071200999,2019-10-14T16:40:00.999,40.51300349183428,-79.80468632660788,263.2317771911621,7.29805248473755
1571071201999,2019-10-14T16:40:01.999,40.51300349183428,-79.80468632660788,263.3575096130371,7.29805248473755
1571071202999,2019-10-14T16:40:02.999,40.51300349183428,-79.80468632660788,263.2495994567871,7.29805248473755
1571071203999,2019-10-14T16:40:03.999,40.51300349183428,-79.80468632660788,263.2543601989746,7.29805248473755
1571071204999,2019-10-14T16:40:04.999,40.51300349183428,-79.80468632660788,263.2360496520996,7.29805248473755
1571071205999,2019-10-14T16:40:05.999,40.51300349183428,-79.80468632660788,263.23183822631836,7.29805248473755
1571071822572,2019-10-14T16:50:22.572,40.51323035605125,-79.8045392821402,255.12989807128906,65.0
1571071831572,2019-10-14T16:50:31.572,40.51323035605125,-79.8045392821402,255.12989807128906,65.0
1571071867284,2019-10-14T16:51:07.284,40.5132303560377,-79.80453928423026,255.12989807128906,65.0
1571071867441,2019-10-14T16:51:07.441,40.51321942619465,-79.80452465076343,255.14279174804688,65.0
1571071873885,2019-10-14T16:51:13.885,40.51321816152517,-79.80450644537663,255.1397247314453,65.0
1571071877995,2019-10-14T16:51:17.995,40.51314669664997,-79.8045698181538,256.31386947631836,50.0
1571071878996,2019-10-14T16:51:18.996,40.51314669664997,-79.8045698181538,256.33279037475586,50.0
1571071879996,2019-10-14T16:51:19.996,40.51314669664997,-79.8045698181538,256.3438377380371,50.0
1571071880996,2019-10-14T16:51:20.996,40.51314669664997,-79.8045698181538,256.3623924255371,50.0
1571071881996,2019-10-14T16:51:21.996,40.51314669664997,-79.8045698181538,256.37466049194336,30.0
1571071882997,2019-10-14T16:51:22.997,40.513106882609904,-79.80460661470872,256.3988914489746,30.0
1571071883997,2019-10-14T16:51:23.997,40.513106882609904,-79.80460661470872,256.4034080505371,30.0
1571071884997,2019-10-14T16:51:24.997,40.513106882609904,-79.80460661470872,256.4068260192871,30.0
1571071885997,2019-10-14T16:51:25.997,40.513106882609904,-79.80460661470872,256.3920555114746,30.0
1571071886997,2019-10-14T16:51:26.997,40.513106882609904,-79.80460661470872,256.3744773864746,30.0
1571071887997,2019-10-14T16:51:27.997,40.513106882609904,-79.80460661470872,256.3683738708496,30.0
1571071888998,2019-10-14T16:51:28.998,40.513106882609904,-79.80460661470872,256.36562728881836,30.0
1571071889998,2019-10-14T16:51:29.998,40.513106882609904,-79.80460661470872,256.3664207458496,30.0
1571071890998,2019-10-14T16:51:30.998,40.513106882609904,-79.80460661470872,256.3730125427246,30.0
1571071891998,2019-10-14T16:51:31.998,40.513106882609904,-79.80460661470872,256.3800926208496,30.0
1571071892998,2019-10-14T16:51:32.998,40.513106882609904,-79.80460661470872,256.3860740661621,30.0
1571071893998,2019-10-14T16:51:33.998,40.513106882609904,-79.80460661470872,256.3943748474121,30.0
1571071894998,2019-10-14T16:51:34.998,40.513106882609904,-79.80460661470872,256.3960838317871,30.0
1571071895998,2019-10-14T16:51:35.998,40.513106882609904,-79.80460661470872,256.3988914489746,30.0
1571071896998,2019-10-14T16:51:36.998,40.513106882609904,-79.80460661470872,256.39297103881836,30.0
1571071897998,2019-10-14T16:51:37.998,40.513106882609904,-79.80460661470872,256.3937644958496,30.0
1571071898998,2019-10-14T16:51:38.998,40.513106882609904,-79.80460661470872,256.4052391052246,30.0
1571071899998,2019-10-14T16:51:39.998,40.51306845158386,-79.80464324362558,256.40969467163086,30.0
1571071900998,2019-10-14T16:51:40.998,40.51306845158386,-79.80464324362558,256.4020652770996,30.0
1571071901999,2019-10-14T16:51:41.999,40.51306845158386,-79.80464324362558,256.39113998413086,30.0
1571071902999,2019-10-14T16:51:42.999,40.51306845158386,-79.80464324362558,256.3854637145996,30.0
1571071903999,2019-10-14T16:51:43.999,40.51306845158386,-79.80464324362558,256.3848533630371,30.0
1571071904999,2019-10-14T16:51:44.999,40.51306845158386,-79.80464324362558,256.3830223083496,30.0
1571071905999,2019-10-14T16:51:45.999,40.51306845158386,-79.80464324362558,256.3820457458496,30.0
1571071906999,2019-10-14T16:51:46.999,40.51306845158386,-79.80464324362558,256.3694725036621,30.0
1571071907999,2019-10-14T16:51:47.999,40.51306845158386,-79.80464324362558,256.3623924255371,30.0
1571071908999,2019-10-14T16:51:48.999,40.51306845158386,-79.80464324362558,256.3665428161621,30.0
1571071909999,2019-10-14T16:51:49.999,40.51306845158386,-79.80464324362558,256.3620262145996,30.0
1571071910999,2019-10-14T16:51:50.999,40.51306845158386,-79.80464324362558,256.3683738708496,30.0
1571071911999,2019-10-14T16:51:51.999,40.51306845158386,-79.80464324362558,256.3700828552246,30.0
1571071912999,2019-10-14T16:51:52.999,40.51306845158386,-79.80464324362558,256.3683738708496,30.0
1571071913999,2019-10-14T16:51:53.999,40.51306845158386,-79.80464324362558,256.37148666381836,30.0
1571071914999,2019-10-14T16:51:54.999,40.51306845158386,-79.80464324362558,256.3656883239746,30.0
1571071915999,2019-10-14T16:51:55.999,40.51306845158386,-79.80464324362558,256.3510398864746,30.0
1571071916999,2019-10-14T16:51:56.999,40.51306845158386,-79.80464324362558,256.3278465270996,30.0
1571071917999,2019-10-14T16:51:57.999,40.51306845158386,-79.80464324362558,256.32668685913086,30.0
1571071918999,2019-10-14T16:51:58.999,40.51306845158386,-79.80464324362558,256.3222312927246,30.0
1571071919999,2019-10-14T16:51:59.999,40.51306845158386,-79.80464324362558,256.3013572692871,30.0
1571071920999,2019-10-14T16:52:00.999,40.51306845158386,-79.80464324362558,256.28811264038086,50.0
1571071921999,2019-10-14T16:52:01.999,40.51306845158386,-79.80464324362558,256.2885398864746,50.0
1571071922999,2019-10-14T16:52:02.999,40.51306845158386,-79.80464324362558,256.2963523864746,50.0
1571071923999,2019-10-14T16:52:03.999,40.51306845158386,-79.80464324362558,256.3005027770996,30.0
1571071924999,2019-10-14T16:52:04.999,40.51306845158386,-79.80464324362558,256.29030990600586,50.0
1571071925999,2019-10-14T16:52:05.999,40.51306845158386,-79.80464324362558,256.2754783630371,50.0
