1571537225329,2019-10-20T02:07:05.329,40.51328157032944,-79.80453259548189,254.66415405273438,65.0
1571537234329,2019-10-20T02:07:14.329,40.51328157032944,-79.80453259548189,254.66415405273438,65.0
1571537263522,2019-10-20T02:07:43.522,40.51328157029882,-79.80453259586226,254.66415405273438,65.0
1571537263767,2019-10-20T02:07:43.767,40.51329968130821,-79.80454146301217,254.52960205078125,65.0
1571537265546,2019-10-20T02:07:45.546,40.51330287645711,-79.80454293977337,254.52157592773438,65.0
1571537265998,2019-10-20T02:07:45.998,40.51330352205831,-79.80454852811974,255.8145408630371,50.0
1571537266998,2019-10-20T02:07:46.998,40.51330352205831,-79.80454852811974,255.8084373474121,50.0
1571537267998,2019-10-20T02:07:47.998,40.51330352205831,-79.80454852811974,255.85085678100586,50.0
1571537268999,2019-10-20T02:07:48.999,40.51330352205831,-79.80454852811974,255.9123191833496,30.0
1571537269999,2019-10-20T02:07:49.999,40.51330352205831,-79.80454852811974,256.0105857849121,30.0
1571537270999,2019-10-20T02:07:50.999,40.51330352205831,-79.80454852811974,256.0888328552246,30.0
1571537271999,2019-10-20T02:07:51.999,40.51330352205831,-79.80454852811974,256.12295150756836,30.0
1571537272999,2019-10-20T02:07:52.999,40.51330352205831,-79.80454852811974,256.1307029724121,30.0
1571537273999,2019-10-20T02:07:53.999,40.51330352205831,-79.80454852811974,256.1574363708496,30.0
1571537274999,2019-10-20T02:07:54.999,40.51327146127868,-79.80459303602558,256.1741600036621,30.0
1571537275999,2019-10-20T02:07:55.999,40.51327146127868,-79.80459303602558,256.1652488708496,30.0
1571537276999,2019-10-20T02:07:56.999,40.51327146127868,-79.80459303602558,256.16738510131836,30.0
1571537277999,2019-10-20T02:07:57.999,40.51327146127868,-79.80459303602558,256.16067123413086,30.0
1571537278999,2019-10-20T02:07:58.999,40.51327146127868,-79.80459303602558,256.15884017944336,30.0
1571537279999,2019-10-20T02:07:59.999,40.51327146127868,-79.80459303602558,256.1606101989746,30.0
1571537280999,2019-10-20T02:08:00.999,40.51327146127868,-79.80459303602558,256.18142318725586,30.0
1571537281999,2019-10-20T02:08:01.999,40.51327146127868,-79.80459303602558,256.1895408630371,30.0
1571537282999,2019-10-20T02:08:02.999,40.51327146127868,-79.80459303602558,256.19875717163086,30.0
1571537283999,2019-10-20T02:08:03.999,40.51327146127868,-79.80459303602558,256.2094383239746,30.0
1571537284999,2019-10-20T02:08:04.999,40.51327146127868,-79.80459303602558,256.21523666381836,30.0
1571537285999,2019-10-20T02:08:05.999,40.51327146127868,-79.80459303602558,256.87368392944336,10.0
1571537286999,2019-10-20T02:08:06.999,40.51318848043728,-79.8046403937785,256.29262924194336,10.0
1571537287999,2019-10-20T02:08:07.999,40.51316601693678,-79.80464458473008,257.09377670288086,10.0
1571537288999,2019-10-20T02:08:08.999,40.513158766590536,-79.80464735075813,256.94460678100586,10.0
1571537289999,2019-10-20T02:08:09.999,40.51315579101491,-79.80464735075813,257.21487045288086,10.0
1571537290999,2019-10-20T02:08:10.999,40.51315579101491,-79.80464735075813,258.0274314880371,10.0
1571537291999,2019-10-20T02:08:11.999,40.513107385524094,-79.80463569991272,258.0114402770996,10.0
1571537292999,2019-10-20T02:08:12.999,40.513107385524094,-79.80463569991272,258.0562400817871,10.0
1571537293999,2019-10-20T02:08:13.999,40.513107385524094,-79.80463569991272,258.0699119567871,10.0
1571537294999,2019-10-20T02:08:14.999,40.513107385524094,-79.80463569991272,258.0143699645996,10.0
1571537295999,2019-10-20T02:08:15.999,40.513107385524094,-79.80463569991272,257.9416160583496,10.0
1571537296999,2019-10-20T02:08:16.999,40.513107385524094,-79.80463569991272,257.8897361755371,10.0
1571537297999,2019-10-20T02:08:17.999,40.513107385524094,-79.80463569991272,257.8385887145996,10.0
1571537298999,2019-10-20T02:08:18.999,40.513107385524094,-79.80463569991272,257.8553123474121,10.0
1571537299999,2019-10-20T02:08:19.999,40.513107385524094,-79.80463569991272,257.8465232849121,10.0
1571537300999,2019-10-20T02:08:20.999,40.513107385524094,-79.80463569991272,257.79519271850586,10.0
1571537301999,2019-10-20T02:08:21.999,40.513107385524094,-79.80463569991272,257.7922019958496,10.0
1571537302999,2019-10-20T02:08:22.999,40.513107385524094,-79.80463569991272,257.7951316833496,10.0
1571537303999,2019-10-20T02:08:23.999,40.513107385524094,-79.80463569991272,257.8199119567871,10.0
1571537304999,2019-10-20T02:08:24.999,40.513107385524094,-79.80463569991272,257.8620262145996,10.0
1571537305999,2019-10-20T02:08:25.999,40.513107385524094,-79.80463569991272,257.9132957458496,10.0
1571537306999,2019-10-20T02:08:26.999,40.513107385524094,-79.80463569991272,257.9682273864746,10.0
1571537307999,2019-10-20T02:08:27.999,40.513107385524094,-79.80463569991272,257.9806785583496,10.0
1571537308999,2019-10-20T02:08:28.999,40.513107385524094,-79.80463569991272,257.9803123474121,10.0
1571537309999,2019-10-20T02:08:29.999,40.513107385524094,-79.80463569991272,258.0092430114746,10.0
1571537310999,2019-10-20T02:08:30.999,40.513107385524094,-79.80463569991272,257.9862937927246,10.0
1571537311999,2019-10-20T02:08:31.999,40.513107385524094,-79.80463569991272,258.0176658630371,10.0
1571537312999,2019-10-20T02:08:32.999,40.513107385524094,-79.80463569991272,258.0297508239746,10.0
1571537313999,2019-10-20T02:08:33.999,40.513107385524094,-79.80463569991272,258.0337791442871,10.0
1571537314999,2019-10-20T02:08:34.999,40.513107385524094,-79.80463569991272,257.9897117614746,10.0
1571537315999,2019-10-20T02:08:35.999,40.513107385524094,-79.80463569991272,257.9795799255371,10.0
1571537316999,2019-10-20T02:08:36.999,40.513107385524094,-79.80463569991272,257.99258041381836,10.0
1571537317999,2019-10-20T02:08:37.999,40.513107385524094,-79.80463569991272,258.0041160583496,10.0
1571537318999,2019-10-20T02:08:38.999,40.513107385524094,-79.80463569991272,258.0170555114746,10.0
1571537319999,2019-10-20T02:08:39.999,40.513107385524094,-79.80463569991272,258.0277976989746,10.0
1571537320999,2019-10-20T02:08:40.999,40.513107385524094,-79.80463569991272,258.0039939880371,10.0
1571537321999,2019-10-20T02:08:41.999,40.513107385524094,-79.80463569991272,257.9668846130371,10.0
1571537322999,2019-10-20T02:08:42.999,40.513107385524094,-79.80463569991272,258.0349998474121,10.0
1571537980719,2019-10-20T02:19:40.719,40.513229246388555,-79.80461372180386,254.83970642089844,65.0
1571537983571,2019-10-20T02:19:43.571,40.513229246388555,-79.80461372180386,254.83970642089844,65.0
1571537983575,2019-10-20T02:19:43.575,40.51321461246259,-79.80463733496363,254.90330505371094,65.0
1571537983575,2019-10-20T02:19:43.575,40.51321194068527,-79.8046385523207,254.93077087402344,65.0
1571537986390,2019-10-20T02:19:46.390,40.51319061782259,-79.80475698605161,255.3810691833496,50.0
1571537986999,2019-10-20T02:19:46.999,40.51319061782259,-79.80475698605161,255.7179832458496,50.0
1571537987999,2019-10-20T02:19:47.999,40.51322355870205,-79.80485773652774,255.4486961364746,30.0
1571537988999,2019-10-20T02:19:48.999,40.51329379905063,-79.80473787531238,255.3057518005371,30.0
1571537989999,2019-10-20T02:19:49.999,40.51329379905063,-79.80473787531238,255.33279037475586,10.0
1571537990999,2019-10-20T02:19:50.999,40.51332112405497,-79.80478498160821,254.71706771850586,10.0
1571537991999,2019-10-20T02:19:51.999,40.51332112405497,-79.80478498160821,254.80068588256836,10.0
1571537992999,2019-10-20T02:19:52.999,40.51332112405497,-79.80478498160821,255.21609115600586,10.0
1571537993999,2019-10-20T02:19:53.999,40.51332112405497,-79.80478498160821,255.4229393005371,10.0
1571537994999,2019-10-20T02:19:54.999,40.51332112405497,-79.80478498160821,255.3991355895996,10.0
1571537995999,2019-10-20T02:19:55.999,40.51332112405497,-79.80478498160821,254.9540672302246,10.0
1571537996999,2019-10-20T02:19:56.999,40.51332112405497,-79.80478498160821,254.93850326538086,5.0
1571537997999,2019-10-20T02:19:57.999,40.51332112405497,-79.80478498160821,254.9196434020996,5.0
1571537998999,2019-10-20T02:19:58.999,40.51332112405497,-79.80478498160821,254.9342918395996,5.0
1571537999999,2019-10-20T02:19:59.999,40.51332112405497,-79.80478498160821,254.94826889038086,5.0
1571538000999,2019-10-20T02:20:00.999,40.51332112405497,-79.80478498160821,255.0015525817871,10.0
1571538001999,2019-10-20T02:20:01.999,40.51332112405497,-79.80478498160821,255.2215232849121,10.0
1571538002999,2019-10-20T02:20:02.999,40.51332112405497,-79.80478498160821,256.06777572631836,10.0
1571538003999,2019-10-20T02:20:03.999,40.51332112405497,-79.80478498160821,260.1665916442871,10.0
1571538004999,2019-10-20T02:20:04.999,40.51332112405497,-79.80478498160821,260.75674057006836,10.0
1571538005999,2019-10-20T02:20:05.999,40.51327112600255,-79.80479453697782,262.8739891052246,10.0
1571538006999,2019-10-20T02:20:06.999,40.51326194781858,-79.80479503989201,262.7605857849121,10.0
1571538007999,2019-10-20T02:20:07.999,40.51326194781858,-79.80479503989201,262.9058494567871,10.0
1571538008999,2019-10-20T02:20:08.999,40.51326194781858,-79.80479503989201,262.74551010131836,10.0
1571538009999,2019-10-20T02:20:09.999,40.51326194781858,-79.80479503989201,263.7189598083496,10.0
1571538010999,2019-10-20T02:20:10.999,40.51324489064562,-79.80478925637883,264.18752670288086,10.0
1571538011999,2019-10-20T02:20:11.999,40.51323608964729,-79.8047921062259,263.43789291381836,10.0
1571538012999,2019-10-20T02:20:12.999,40.5132263247301,-79.80479034602624,262.29287338256836,10.0
1571538013999,2019-10-20T02:20:13.999,40.5132202478503,-79.80478095829469,262.6058006286621,10.0
1571538014999,2019-10-20T02:20:14.999,40.5132202478503,-79.80478095829469,262.0165672302246,10.0
1571538015999,2019-10-20T02:20:15.999,40.513195898421586,-79.80477911427599,260.7111473083496,10.0
1571538016999,2019-10-20T02:20:16.999,40.51317762587267,-79.8047936987875,259.4410057067871,10.0
1571538017999,2019-10-20T02:20:17.999,40.51317762587267,-79.8047936987875,258.4911766052246,10.0
1571538018999,2019-10-20T02:20:18.999,40.51315030086833,-79.80482404127699,258.2759666442871,10.0
1571538019999,2019-10-20T02:20:19.999,40.51314074549872,-79.80483435101789,259.23293685913086,10.0
1571538020999,2019-10-20T02:20:20.999,40.51314074549872,-79.80483435101789,259.0352439880371,10.0
1571538021999,2019-10-20T02:20:21.999,40.51314074549872,-79.80483435101789,260.19301986694336,10.0
1571538022999,2019-10-20T02:20:22.999,40.513134500980854,-79.80484164327365,260.5357322692871,10.0
1571538023999,2019-10-20T02:20:23.999,40.513136512637615,-79.80484122417849,260.5584373474121,10.0
1571538024999,2019-10-20T02:20:24.999,40.513144517355144,-79.8048356921224,260.7389793395996,30.0
1571538025999,2019-10-20T02:20:25.999,40.51315671302426,-79.80483334518951,260.5171775817871,30.0
1571538026999,2019-10-20T02:20:26.999,40.51316492728937,-79.80482982479018,261.3036766052246,30.0
1571538027999,2019-10-20T02:20:27.999,40.51317599140155,-79.80482219725829,261.4908103942871,30.0
1571538028999,2019-10-20T02:20:28.999,40.51319179128903,-79.8048317526279,261.48940658569336,30.0
1571538029999,2019-10-20T02:20:29.999,40.513183157928765,-79.80483527302724,262.1569480895996,30.0
1571538030999,2019-10-20T02:20:30.999,40.513178505972505,-79.80483342900854,262.5523338317871,30.0
1571538031999,2019-10-20T02:20:31.999,40.51316593311775,-79.80482085615378,262.9202537536621,30.0
1571538032999,2019-10-20T02:20:32.999,40.513150175139785,-79.80480853475612,263.1853904724121,30.0
1571538033999,2019-10-20T02:20:33.999,40.51313869193244,-79.80479830883425,263.58755111694336,30.0
1571538034999,2019-10-20T02:20:34.999,40.51312067084062,-79.80479428552073,264.2992820739746,30.0
1571538035999,2019-10-20T02:20:35.999,40.513113839589536,-79.8048008234052,264.76919174194336,10.0
1571538036999,2019-10-20T02:20:36.999,40.51313211213845,-79.80481331244093,265.3267478942871,10.0
1571538037999,2019-10-20T02:20:37.999,40.513136722185195,-79.80481247425061,264.5606346130371,10.0
1571538038999,2019-10-20T02:20:38.999,40.5131578864907,-79.804821442887,265.2554588317871,10.0
1571538039999,2019-10-20T02:20:39.999,40.51318818707067,-79.8048335966466,265.3893699645996,10.0
1571538040999,2019-10-20T02:20:40.999,40.51322779156315,-79.80485547341388,265.1585350036621,10.0
1571538041999,2019-10-20T02:20:41.999,40.51327447876382,-79.80488807901722,264.4474754333496,30.0
1571538042999,2019-10-20T02:20:42.999,40.51346051510471,-79.80501389138382,264.19546127319336,30.0
1571538692319,2019-10-20T02:31:32.319,40.51323953310123,-79.80449376332461,254.94760131835938,65.0
1571538701319,2019-10-20T02:31:41.319,40.51323953310123,-79.80449376332461,254.94760131835938,65.0
1571538704170,2019-10-20T02:31:44.170,40.51315788962402,-79.80440227449282,254.94760131835938,203.37287205473083
1571538704436,2019-10-20T02:31:44.436,40.5131562208755,-79.80440040451057,254.94760131835938,203.4749053716608
1571538704464,2019-10-20T02:31:44.464,40.51324934709779,-79.80448869981602,254.98233032226562,65.0
1571538706191,2019-10-20T02:31:46.191,40.51324766547038,-79.80448922963413,254.98805236816406,65.0
1571538706401,2019-10-20T02:31:46.401,40.513048586473346,-79.80437133468669,256.37746810913086,50.0
1571538706998,2019-10-20T02:31:46.998,40.513048586473346,-79.80437133468669,256.8669090270996,50.0
1571538707998,2019-10-20T02:31:47.998,40.51307846795815,-79.80441701605898,256.75991439819336,30.0
1571538708998,2019-10-20T02:31:48.998,40.51307846795815,-79.80441701605898,256.39602279663086,30.0
1571538709998,2019-10-20T02:31:49.998,40.51307846795815,-79.80441701605898,256.4141502380371,30.0
1571538710998,2019-10-20T02:31:50.998,40.51307846795815,-79.80441701605898,256.4197654724121,30.0
1571538711998,2019-10-20T02:31:51.998,40.51307846795815,-79.80441701605898,256.3343162536621,30.0
1571538712998,2019-10-20T02:31:52.998,40.51307846795815,-79.80441701605898,256.0237693786621,10.0
1571538713998,2019-10-20T02:31:53.998,40.51306233279455,-79.80449915871006,255.1536521911621,10.0
1571538714998,2019-10-20T02:31:54.998,40.513065601736784,-79.80452883064729,253.61916732788086,10.0
1571538715998,2019-10-20T02:31:55.998,40.5130606145044,-79.80476084172707,253.9074363708496,10.0
1571538716998,2019-10-20T02:31:56.998,40.51306182988036,-79.80476243428868,254.0019187927246,10.0
1571538717998,2019-10-20T02:31:57.998,40.51306040495682,-79.80473938405495,254.26369857788086,10.0
1571538718998,2019-10-20T02:31:58.998,40.51305571109104,-79.80472387753409,255.2364158630371,10.0
1571538719999,2019-10-20T02:31:59.999,40.513050430492044,-79.80471767492574,254.2061424255371,5.0
1571538720999,2019-10-20T02:32:00.999,40.51304288677919,-79.8047196865825,255.2344627380371,10.0
1571538721999,2019-10-20T02:32:01.999,40.5130386958276,-79.80472605682891,255.7234764099121,5.0
1571538722999,2019-10-20T02:32:02.999,40.513037564270675,-79.80474206626397,254.7967185974121,10.0
1571538723999,2019-10-20T02:32:03.999,40.51303995311308,-79.80475380092841,254.88051986694336,10.0
1571538724999,2019-10-20T02:32:04.999,40.51304175522226,-79.80475740514677,254.88369369506836,10.0
1571538725999,2019-10-20T02:32:05.999,40.51304175522226,-79.80475740514677,254.8771629333496,10.0
1571538726999,2019-10-20T02:32:06.999,40.51304175522226,-79.80475740514677,254.88723373413086,10.0
1571538727999,2019-10-20T02:32:07.999,40.51304175522226,-79.80475740514677,254.8879051208496,10.0
1571538728999,2019-10-20T02:32:08.999,40.51304175522226,-79.80475740514677,254.9107322692871,10.0
1571538729999,2019-10-20T02:32:09.999,40.51304175522226,-79.80475740514677,254.9183006286621,10.0
1571538730999,2019-10-20T02:32:10.999,40.51304175522226,-79.80475740514677,254.90993881225586,10.0
1571538731999,2019-10-20T02:32:11.999,40.51304175522226,-79.80475740514677,254.90212631225586,10.0
1571538732999,2019-10-20T02:32:12.999,40.51304175522226,-79.80475740514677,255.5793113708496,5.0
1571538733999,2019-10-20T02:32:13.999,40.51304175522226,-79.80475740514677,255.2600975036621,5.0
1571538734999,2019-10-20T02:32:14.999,40.513036558442295,-79.80478188030403,254.74966049194336,5.0
1571538735999,2019-10-20T02:32:15.999,40.513036558442295,-79.80478188030403,254.7914695739746,5.0
1571538736999,2019-10-20T02:32:16.999,40.513036558442295,-79.80478188030403,254.77773666381836,5.0
1571538737999,2019-10-20T02:32:17.999,40.513036558442295,-79.80478188030403,254.80288314819336,5.0
1571538738999,2019-10-20T02:32:18.999,40.513036558442295,-79.80478188030403,254.80678939819336,5.0
1571538739999,2019-10-20T02:32:19.999,40.513036558442295,-79.80478188030403,254.82473373413086,5.0
1571538740999,2019-10-20T02:32:20.999,40.513036558442295,-79.80478188030403,254.83633041381836,5.0
1571538741999,2019-10-20T02:32:21.999,40.513036558442295,-79.80478188030403,254.8344383239746,5.0
1571538742999,2019-10-20T02:32:22.999,40.513036558442295,-79.80478188030403,254.82973861694336,5.0
1571538743999,2019-10-20T02:32:23.999,40.513036558442295,-79.80478188030403,254.82693099975586,5.0
1571538744999,2019-10-20T02:32:24.999,40.513036558442295,-79.80478188030403,254.81911849975586,5.0
1571538745999,2019-10-20T02:32:25.999,40.513036558442295,-79.80478188030403,253.8616600036621,5.0
1571538746999,2019-10-20T02:32:26.999,40.513036558442295,-79.80478188030403,254.26540756225586,5.0
1571538747999,2019-10-20T02:32:27.999,40.513015310317755,-79.80477668352407,253.0273094177246,5.0
1571538748999,2019-10-20T02:32:28.999,40.51300709605265,-79.80477240875345,253.0638084411621,5.0
1571538749999,2019-10-20T02:32:29.999,40.51300709605265,-79.80477240875345,253.06570053100586,5.0
1571538750999,2019-10-20T02:32:30.999,40.51300709605265,-79.80477240875345,252.11233139038086,5.0
1571538751999,2019-10-20T02:32:31.999,40.51300709605265,-79.80477240875345,251.35952377319336,5.0
1571538752999,2019-10-20T02:32:32.999,40.513002653643966,-79.8047558964042,251.3083152770996,5.0
1571538753999,2019-10-20T02:32:33.999,40.513000139073014,-79.80474332354945,252.4145164489746,10.0
1571538754999,2019-10-20T02:32:34.999,40.51300391092944,-79.8047373723982,251.46438217163086,10.0
1571538755999,2019-10-20T02:32:35.999,40.51300998780924,-79.80472857139986,251.92678451538086,10.0
1571538756999,2019-10-20T02:32:36.999,40.51301321484196,-79.80472739793342,252.5042381286621,10.0
1571538757999,2019-10-20T02:32:37.999,40.51301715433645,-79.8047318403421,252.53322982788086,10.0
1571538758999,2019-10-20T02:32:38.999,40.51301816016483,-79.80473519310337,252.66372299194336,10.0
1571538759999,2019-10-20T02:32:39.999,40.51301816016483,-79.80473519310337,252.7597312927246,10.0
1571538760999,2019-10-20T02:32:40.999,40.51301849544096,-79.80474097661656,252.2930564880371,10.0
1571538761999,2019-10-20T02:32:41.999,40.513021471016586,-79.80474357500654,252.7852439880371,10.0
1571538762999,2019-10-20T02:32:42.999,40.513021471016586,-79.80474357500654,252.8778953552246,10.0
1571538763999,2019-10-20T02:32:43.999,40.51302293784964,-79.80474818505328,252.58962631225586,10.0
1571539408763,2019-10-20T02:43:28.763,40.51325050965843,-79.80448136917244,255.01795959472656,65.0
1571539417763,2019-10-20T02:43:37.763,40.51325050965843,-79.80448136917244,255.01795959472656,65.0
1571539425129,2019-10-20T02:43:45.129,40.51327699157196,-79.80441166612258,255.01795959472656,105.3093176878443
1571539425385,2019-10-20T02:43:45.385,40.513284632613654,-79.80453526608251,254.85633850097656,65.0
1571539427146,2019-10-20T02:43:47.146,40.51325992843099,-79.80451620768443,254.827880859375,65.0
1571539427395,2019-10-20T02:43:47.395,40.51329430196482,-79.8045489472149,255.7608299255371,50.0
1571539428000,2019-10-20T02:43:48.000,40.513303061053634,-79.80454970158618,255.7449607849121,50.0
1571539429000,2019-10-20T02:43:49.000,40.51329928919721,-79.80453302159887,255.61233139038086,50.0
1571539430000,2019-10-20T02:43:50.000,40.513298492916405,-79.80452070020121,255.6805076599121,30.0
1571539431000,2019-10-20T02:43:51.000,40.51329367332208,-79.80450016453844,255.0622215270996,10.0
1571539432000,2019-10-20T02:43:52.000,40.51327808298218,-79.80449840433877,255.8711814880371,10.0
1571539433000,2019-10-20T02:43:53.000,40.513106882609904,-79.8046456743775,256.1488914489746,10.0
1571539434000,2019-10-20T02:43:54.000,40.51310461949605,-79.80465900160354,255.17861557006836,10.0
1571539435000,2019-10-20T02:43:55.000,40.513097955883026,-79.804662857279,251.6962547302246,10.0
1571539436000,2019-10-20T02:43:56.000,40.513097955883026,-79.804662857279,250.1469383239746,10.0
1571539437000,2019-10-20T02:43:57.000,40.513097955883026,-79.804662857279,250.72207260131836,10.0
1571539438000,2019-10-20T02:43:58.000,40.513097955883026,-79.804662857279,252.45998764038086,10.0
1571539439000,2019-10-20T02:43:59.000,40.513097662516415,-79.80468741625529,251.80007553100586,10.0
1571539440000,2019-10-20T02:44:00.000,40.51309896171141,-79.80468817062658,254.0302391052246,5.0
1571539441000,2019-10-20T02:44:01.000,40.513097955883026,-79.8046887573598,253.7952537536621,5.0
1571539442000,2019-10-20T02:44:02.000,40.513097369149804,-79.80469051755946,252.05849838256836,5.0
1571539443000,2019-10-20T02:44:03.000,40.51309850070673,-79.80469202630204,253.67959213256836,5.0
1571539444000,2019-10-20T02:44:04.000,40.51310047045398,-79.804691942483,254.2873191833496,5.0
1571539445000,2019-10-20T02:44:05.000,40.513097662516415,-79.80469169102591,254.4086570739746,5.0
1571539446000,2019-10-20T02:44:06.000,40.513097662516415,-79.80469169102591,253.1466941833496,5.0
1571539447000,2019-10-20T02:44:07.000,40.513097662516415,-79.80469169102591,253.3097801208496,5.0
1571539448000,2019-10-20T02:44:08.000,40.513097662516415,-79.80469169102591,253.40371322631836,10.0
1571539449000,2019-10-20T02:44:09.000,40.513097662516415,-79.80469169102591,253.3556785583496,10.0
1571539450000,2019-10-20T02:44:10.000,40.513097662516415,-79.80469169102591,252.9905662536621,5.0
1571539451000,2019-10-20T02:44:11.000,40.513097662516415,-79.80469169102591,253.08547592163086,5.0
1571539452000,2019-10-20T02:44:12.000,40.51305545963395,-79.80471390306931,253.0494041442871,5.0
1571539453000,2019-10-20T02:44:13.000,40.51305545963395,-79.80471390306931,252.99135971069336,5.0
1571539454000,2019-10-20T02:44:14.000,40.51305545963395,-79.80471390306931,253.17458724975586,5.0
1571539455000,2019-10-20T02:44:15.000,40.51305545963395,-79.80471390306931,253.0899314880371,5.0
1571539456000,2019-10-20T02:44:16.000,40.51305545963395,-79.80471390306931,253.1673240661621,5.0
1571539457000,2019-10-20T02:44:17.000,40.51305545963395,-79.80471390306931,253.2806053161621,5.0
1571539458000,2019-10-20T02:44:18.000,40.51305545963395,-79.80471390306931,253.3157615661621,5.0
1571539459000,2019-10-20T02:44:19.000,40.51305545963395,-79.80471390306931,253.3974266052246,5.0
1571539460000,2019-10-20T02:44:20.000,40.51305545963395,-79.80471390306931,253.40639877319336,10.0
1571539461000,2019-10-20T02:44:21.000,40.51305545963395,-79.80471390306931,253.3588523864746,5.0
1571539462000,2019-10-20T02:44:22.000,40.51305545963395,-79.80471390306931,253.3652000427246,5.0
1571539463000,2019-10-20T02:44:23.000,40.51305545963395,-79.80471390306931,253.34499740600586,5.0
1571539464000,2019-10-20T02:44:24.000,40.51305545963395,-79.80471390306931,253.2836570739746,5.0
1571539465000,2019-10-20T02:44:25.000,40.51305545963395,-79.80471390306931,253.2803611755371,5.0
1571539466000,2019-10-20T02:44:26.000,40.51305545963395,-79.80471390306931,253.29470443725586,5.0
1571539467000,2019-10-20T02:44:27.000,40.51305545963395,-79.80471390306931,253.3509178161621,5.0
1571539468000,2019-10-20T02:44:28.000,40.51305545963395,-79.80471390306931,253.3464012145996,5.0
1571539469000,2019-10-20T02:44:29.000,40.51305545963395,-79.80471390306931,253.29226303100586,5.0
1571539470000,2019-10-20T02:44:30.000,40.51305545963395,-79.80471390306931,253.2019920349121,5.0
1571539471000,2019-10-20T02:44:31.000,40.51305545963395,-79.80471390306931,253.2122459411621,5.0
1571539472000,2019-10-20T02:44:32.000,40.51305545963395,-79.80471390306931,253.1910057067871,5.0
1571539473000,2019-10-20T02:44:33.000,40.51305545963395,-79.80471390306931,253.2132225036621,5.0
1571539474000,2019-10-20T02:44:34.000,40.51305545963395,-79.80471390306931,253.2084617614746,5.0
1571539475000,2019-10-20T02:44:35.000,40.51305545963395,-79.80471390306931,253.1352195739746,5.0
1571539476000,2019-10-20T02:44:36.000,40.51305545963395,-79.80471390306931,253.0174217224121,5.0
1571539476999,2019-10-20T02:44:36.999,40.51305545963395,-79.80471390306931,252.92715072631836,5.0
1571539477999,2019-10-20T02:44:37.999,40.51305545963395,-79.80471390306931,252.90932846069336,5.0
1571539478999,2019-10-20T02:44:38.999,40.51305545963395,-79.80471390306931,252.8360252380371,5.0
1571539479999,2019-10-20T02:44:39.999,40.51305545963395,-79.80471390306931,252.75368881225586,5.0
1571539480999,2019-10-20T02:44:40.999,40.51305545963395,-79.80471390306931,252.80508041381836,5.0
1571539481999,2019-10-20T02:44:41.999,40.51305545963395,-79.80471390306931,252.8175926208496,5.0
1571539482999,2019-10-20T02:44:42.999,40.51305545963395,-79.80471390306931,252.83852767944336,5.0
1571539483999,2019-10-20T02:44:43.999,40.51305545963395,-79.80471390306931,253.0046043395996,5.0
1571540131830,2019-10-20T02:55:31.830,40.513234641489056,-79.80452464648019,255.01268005371094,65.0
1571540140830,2019-10-20T02:55:40.830,40.513234641489056,-79.80452464648019,255.01268005371094,65.0
1571540145281,2019-10-20T02:55:45.281,40.51323464148603,-79.80452464651779,255.01268005371094,65.0
1571540145554,2019-10-20T02:55:45.554,40.51323985701979,-79.80450548721248,255.05984497070312,65.0
1571540147291,2019-10-20T02:55:47.291,40.51324031470762,-79.80450211789297,255.06808471679688,65.0
1571540147389,2019-10-20T02:55:47.389,40.51323835276115,-79.80451634161156,256.18923568725586,50.0
1571540147998,2019-10-20T02:55:47.998,40.51323835276115,-79.80451634161156,256.1586570739746,50.0
1571540148998,2019-10-20T02:55:48.998,40.51308567639488,-79.80481155224126,256.47304916381836,30.0
1571540149998,2019-10-20T02:55:49.998,40.51308567639488,-79.80481155224126,256.32644271850586,30.0
1571540150998,2019-10-20T02:55:50.998,40.513085131571174,-79.80481339625996,256.3304100036621,30.0
1571540151998,2019-10-20T02:55:51.998,40.513085131571174,-79.80481339625996,256.33669662475586,30.0
1571540152998,2019-10-20T02:55:52.998,40.513085131571174,-79.80481339625996,256.3366355895996,30.0
1571540153999,2019-10-20T02:55:53.999,40.513085131571174,-79.80481339625996,256.3346824645996,30.0
1571540154999,2019-10-20T02:55:54.999,40.513085131571174,-79.80481339625996,256.7007713317871,10.0
1571540155999,2019-10-20T02:55:55.999,40.513085131571174,-79.80481339625996,256.1117820739746,10.0
1571540156999,2019-10-20T02:55:56.999,40.513085131571174,-79.80481339625996,256.10683822631836,10.0
1571540157999,2019-10-20T02:55:57.999,40.513085131571174,-79.80481339625996,256.0974998474121,10.0
1571540158999,2019-10-20T02:55:58.999,40.513085131571174,-79.80481339625996,256.10268783569336,10.0
1571540159999,2019-10-20T02:55:59.999,40.513085131571174,-79.80481339625996,256.0953025817871,10.0
1571540160999,2019-10-20T02:56:00.999,40.513085131571174,-79.80481339625996,256.0866355895996,10.0
1571540161999,2019-10-20T02:56:01.999,40.513085131571174,-79.80481339625996,256.1138572692871,10.0
1571540162999,2019-10-20T02:56:02.999,40.513085131571174,-79.80481339625996,256.14455795288086,10.0
1571540163999,2019-10-20T02:56:03.999,40.513085131571174,-79.80481339625996,256.16274642944336,10.0
1571540164999,2019-10-20T02:56:04.999,40.513085131571174,-79.80481339625996,256.1773338317871,10.0
1571540165999,2019-10-20T02:56:05.999,40.513085131571174,-79.80481339625996,256.1997947692871,10.0
1571540166999,2019-10-20T02:56:06.999,40.513085131571174,-79.80481339625996,256.24355697631836,10.0
1571540167999,2019-10-20T02:56:07.999,40.513085131571174,-79.80481339625996,256.2547264099121,10.0
1571540168999,2019-10-20T02:56:08.999,40.513085131571174,-79.80481339625996,256.24331283569336,10.0
1571540169999,2019-10-20T02:56:09.999,40.513085131571174,-79.80481339625996,256.25271224975586,10.0
1571540170999,2019-10-20T02:56:10.999,40.513085131571174,-79.80481339625996,256.2614402770996,10.0
1571540171999,2019-10-20T02:56:11.999,40.513085131571174,-79.80481339625996,256.25393295288086,10.0
1571540172999,2019-10-20T02:56:12.999,40.513085131571174,-79.80481339625996,256.24282455444336,10.0
1571540173999,2019-10-20T02:56:13.999,40.513085131571174,-79.80481339625996,256.2177391052246,10.0
1571540174999,2019-10-20T02:56:14.999,40.513085131571174,-79.80481339625996,256.20742416381836,10.0
1571540175999,2019-10-20T02:56:15.999,40.513085131571174,-79.80481339625996,256.2023582458496,10.0
1571540176999,2019-10-20T02:56:16.999,40.513085131571174,-79.80481339625996,256.18886947631836,10.0
1571540177999,2019-10-20T02:56:17.999,40.513085131571174,-79.80481339625996,256.1872215270996,10.0
1571540178999,2019-10-20T02:56:18.999,40.513085131571174,-79.80481339625996,256.1839256286621,10.0
1571540179999,2019-10-20T02:56:19.999,40.513085131571174,-79.80481339625996,256.1936912536621,10.0
1571540180999,2019-10-20T02:56:20.999,40.513085131571174,-79.80481339625996,256.2012596130371,10.0
1571540181999,2019-10-20T02:56:21.999,40.513085131571174,-79.80481339625996,256.20388412475586,10.0
1571540182999,2019-10-20T02:56:22.999,40.513085131571174,-79.80481339625996,256.19082260131836,10.0
1571540183999,2019-10-20T02:56:23.999,40.513085131571174,-79.80481339625996,256.19558334350586,10.0
1571540184999,2019-10-20T02:56:24.999,40.513085131571174,-79.80481339625996,256.20571517944336,10.0
1571540185999,2019-10-20T02:56:25.999,40.513085131571174,-79.80481339625996,256.2245750427246,10.0
1571540186999,2019-10-20T02:56:26.999,40.51302872136283,-79.8047973868249,256.97512435913086,10.0
1571540187999,2019-10-20T02:56:27.999,40.51302909854847,-79.8048005719481,258.54311752319336,10.0
1571540188999,2019-10-20T02:56:28.999,40.513026835434616,-79.80479847647231,258.5155906677246,10.0
1571540189999,2019-10-20T02:56:29.999,40.513021387197554,-79.80478808291238,258.24880599975586,10.0
1571540190999,2019-10-20T02:56:30.999,40.513021387197554,-79.80478808291238,258.2879295349121,10.0
1571540191999,2019-10-20T02:56:31.999,40.513021387197554,-79.80478808291238,258.3485984802246,10.0
1571540192999,2019-10-20T02:56:32.999,40.513021387197554,-79.80478808291238,258.41592025756836,10.0
1571540193999,2019-10-20T02:56:33.999,40.513021387197554,-79.80478808291238,258.4641990661621,10.0
1571540194999,2019-10-20T02:56:34.999,40.513021387197554,-79.80478808291238,258.4760398864746,10.0
1571540195999,2019-10-20T02:56:35.999,40.513021387197554,-79.80478808291238,258.4208641052246,10.0
1571540196999,2019-10-20T02:56:36.999,40.513021387197554,-79.80478808291238,258.47951889038086,10.0
1571540197999,2019-10-20T02:56:37.999,40.513021387197554,-79.80478808291238,258.4887351989746,10.0
1571540198999,2019-10-20T02:56:38.999,40.513021387197554,-79.80478808291238,258.4547996520996,10.0
1571540199999,2019-10-20T02:56:39.999,40.513021387197554,-79.80478808291238,258.4106101989746,10.0
1571540200999,2019-10-20T02:56:40.999,40.513021387197554,-79.80478808291238,258.3584861755371,10.0
1571540201999,2019-10-20T02:56:41.999,40.513021387197554,-79.80478808291238,258.4185447692871,10.0
1571540202999,2019-10-20T02:56:42.999,40.513021387197554,-79.80478808291238,258.4054832458496,10.0
1571540203999,2019-10-20T02:56:43.999,40.513021387197554,-79.80478808291238,258.3898582458496,10.0
1571540204999,2019-10-20T02:56:44.999,40.513021387197554,-79.80478808291238,258.4622459411621,10.0
