1571850325819,2019-10-23T17:05:25.819,40.513279077426006,-79.80447267935575,254.8180694580078,65.0
1571850330459,2019-10-23T17:05:30.459,40.513279077426006,-79.80447267935575,254.8180694580078,65.0
1571850330489,2019-10-23T17:05:30.489,40.51331037006776,-79.8043983161794,254.8180694580078,76.06764433994664
1571850334008,2019-10-23T17:05:34.008,40.5131906597321,-79.80476628996414,266.14297103881836,30.0
1571850335007,2019-10-23T17:05:35.007,40.5131906597321,-79.80476628996414,259.3515281677246,30.0
1571850336007,2019-10-23T17:05:36.007,40.5131906597321,-79.80476628996414,260.25942611694336,30.0
1571850337006,2019-10-23T17:05:37.006,40.5131906597321,-79.80476628996414,260.1480369567871,30.0
1571850338006,2019-10-23T17:05:38.006,40.5131906597321,-79.80476628996414,261.69802474975586,10.0
1571850339005,2019-10-23T17:05:39.005,40.51314455926466,-79.80473460637015,263.65969467163086,10.0
1571850340005,2019-10-23T17:05:40.005,40.51314455926466,-79.80473460637015,263.46413803100586,10.0
1571850341005,2019-10-23T17:05:41.005,40.51311572551775,-79.80473745621723,263.7895164489746,10.0
1571850342004,2019-10-23T17:05:42.004,40.51311002582359,-79.80473326526564,262.6477928161621,10.0
1571850343004,2019-10-23T17:05:43.004,40.51310671497184,-79.80471826165896,264.3944969177246,10.0
1571850344004,2019-10-23T17:05:44.004,40.51311069637585,-79.80470552116614,264.93813705444336,10.0
1571850345003,2019-10-23T17:05:45.003,40.51311731807935,-79.8046956305204,264.92947006225586,10.0
1571850346003,2019-10-23T17:05:46.003,40.51312595143962,-79.8046853207795,264.1608543395996,10.0
1571850347003,2019-10-23T17:05:47.003,40.51316714849371,-79.80469462469202,264.2488670349121,10.0
1571850348003,2019-10-23T17:05:48.003,40.5132004246493,-79.80471742346865,265.2084617614746,10.0
1571850349003,2019-10-23T17:05:49.003,40.51324581265497,-79.80476167991739,263.4927635192871,10.0
1571850350002,2019-10-23T17:05:50.002,40.513261863999546,-79.80476763106864,264.0801658630371,10.0
1571850351002,2019-10-23T17:05:51.002,40.513261067718744,-79.80475187309068,263.9477195739746,10.0
1571850352002,2019-10-23T17:05:52.002,40.513297067992866,-79.80477483950537,263.2549705505371,10.0
1571850353002,2019-10-23T17:05:53.002,40.51331898666966,-79.80478959165495,262.73464584350586,10.0
1571850354002,2019-10-23T17:05:54.002,40.51334568303126,-79.80481088168901,262.70241928100586,10.0
1571850355002,2019-10-23T17:05:55.002,40.51336906854111,-79.80482026942056,261.58230209350586,10.0
1571850356001,2019-10-23T17:05:56.001,40.51337187647867,-79.80482110761088,261.3808250427246,10.0
1571850357001,2019-10-23T17:05:57.001,40.5133523885538,-79.80480149395746,261.51272201538086,10.0
1571850358001,2019-10-23T17:05:58.001,40.513335918114066,-79.80479378260654,261.6047019958496,10.0
1571850359001,2019-10-23T17:05:59.001,40.513331978619576,-79.8047921062259,261.9700584411621,10.0
1571850360001,2019-10-23T17:06:00.001,40.513331978619576,-79.8047921062259,262.4513816833496,10.0
1571850361001,2019-10-23T17:06:01.001,40.513331978619576,-79.8047921062259,262.7638816833496,10.0
1571850362001,2019-10-23T17:06:02.001,40.513331978619576,-79.8047921062259,263.1321678161621,10.0
1571850363001,2019-10-23T17:06:03.001,40.513331978619576,-79.8047921062259,263.5186424255371,10.0
1571850364001,2019-10-23T17:06:04.001,40.513331978619576,-79.8047921062259,263.63283920288086,10.0
1571850365001,2019-10-23T17:06:05.001,40.51331869330305,-79.80478229939919,263.41176986694336,10.0
1571850366000,2019-10-23T17:06:06.000,40.5133177712937,-79.80477710261923,262.37661361694336,10.0
1571850367000,2019-10-23T17:06:07.000,40.5133177712937,-79.80477710261923,261.54348373413086,10.0
1571850368000,2019-10-23T17:06:08.000,40.5133177712937,-79.80477710261923,260.7799949645996,10.0
1571850369000,2019-10-23T17:06:09.000,40.5133177712937,-79.80477710261923,260.5917625427246,10.0
1571850370000,2019-10-23T17:06:10.000,40.51328587815213,-79.80477165438217,261.4311180114746,10.0
1571850371000,2019-10-23T17:06:11.000,40.51327003635514,-79.80476344011706,261.2359275817871,10.0
1571850372000,2019-10-23T17:06:12.000,40.51327003635514,-79.80476344011706,259.94961166381836,10.0
1571850373000,2019-10-23T17:06:13.000,40.51323277879554,-79.8047387135027,258.7316551208496,10.0
1571850374000,2019-10-23T17:06:14.000,40.51323277879554,-79.8047387135027,259.1878318786621,10.0
1571850375000,2019-10-23T17:06:15.000,40.513202687763155,-79.80471457362157,258.57680892944336,10.0
1571850376000,2019-10-23T17:06:16.000,40.513202687763155,-79.80471457362157,258.71316146850586,5.0
1571850377000,2019-10-23T17:06:17.000,40.513184582852304,-79.80469923473876,258.3991355895996,10.0
1571850378000,2019-10-23T17:06:18.000,40.51318776797551,-79.80470216840487,257.9652976989746,10.0
1571850379000,2019-10-23T17:06:19.000,40.51318776797551,-79.80470216840487,258.03225326538086,10.0
1571850380000,2019-10-23T17:06:20.000,40.51318776797551,-79.80470216840487,258.0450096130371,10.0
1571850381000,2019-10-23T17:06:21.000,40.51318776797551,-79.80470216840487,258.0756492614746,5.0
1571850382000,2019-10-23T17:06:22.000,40.51318776797551,-79.80470216840487,258.1214256286621,5.0
1571850383000,2019-10-23T17:06:23.000,40.51318776797551,-79.80470216840487,258.2292137145996,5.0
1571850384000,2019-10-23T17:06:24.000,40.51318776797551,-79.80470216840487,258.2726707458496,5.0
1571850385000,2019-10-23T17:06:25.000,40.51318776797551,-79.80470216840487,258.3360252380371,5.0
1571850386000,2019-10-23T17:06:26.000,40.51318776797551,-79.80470216840487,258.3782615661621,5.0
1571850387000,2019-10-23T17:06:27.000,40.51318776797551,-79.80470216840487,258.4241600036621,5.0
1571850388000,2019-10-23T17:06:28.000,40.51318776797551,-79.80470216840487,258.46108627319336,5.0
1571850389000,2019-10-23T17:06:29.000,40.51318776797551,-79.80470216840487,258.46670150756836,5.0
1571850390000,2019-10-23T17:06:30.000,40.51318776797551,-79.80470216840487,258.5014305114746,5.0
1571851046268,2019-10-23T17:17:26.268,40.51325737845796,-79.80449828154322,254.76797485351562,65.0
1571851050634,2019-10-23T17:17:30.634,40.51325737845796,-79.80449828154322,254.76797485351562,65.0
1571851050674,2019-10-23T17:17:30.674,40.51325070448892,-79.80450536114361,254.76797485351562,74.92612798691859
1571851052408,2019-10-23T17:17:32.408,40.5133669311558,-79.80489562273007,250.83340072631836,50.0
1571851053006,2019-10-23T17:17:33.006,40.51336923617917,-79.80486352004093,253.4692039489746,50.0
1571851054006,2019-10-23T17:17:34.006,40.51312611907768,-79.80490878231805,250.2328758239746,10.0
1571851055006,2019-10-23T17:17:35.006,40.51299682822126,-79.80475053198617,249.2908592224121,10.0
1571851056006,2019-10-23T17:17:36.006,40.5129300663625,-79.8047196865825,248.4095115661621,10.0
1571851057005,2019-10-23T17:17:37.005,40.5129300663625,-79.8047196865825,246.9547996520996,5.0
1571851058005,2019-10-23T17:17:38.005,40.5129300663625,-79.8047196865825,245.75478744506836,5.0
1571851059005,2019-10-23T17:17:39.005,40.5129300663625,-79.8047196865825,244.7987937927246,5.0
1571851060004,2019-10-23T17:17:40.004,40.5129300663625,-79.8047196865825,243.7919578552246,5.0
1571851061004,2019-10-23T17:17:41.004,40.512882457152486,-79.8047233746199,243.38576889038086,5.0
1571851062004,2019-10-23T17:17:42.004,40.512882457152486,-79.8047233746199,242.2398338317871,5.0
1571851063004,2019-10-23T17:17:43.004,40.512882457152486,-79.8047233746199,241.96072006225586,5.0
1571851064003,2019-10-23T17:17:44.003,40.512882457152486,-79.8047233746199,242.21206283569336,5.0
1571851065003,2019-10-23T17:17:45.003,40.512882457152486,-79.8047233746199,242.5155906677246,5.0
1571851066003,2019-10-23T17:17:46.003,40.512882457152486,-79.8047233746199,242.4266014099121,5.0
1571851067003,2019-10-23T17:17:47.003,40.512882457152486,-79.8047233746199,242.2647361755371,5.0
1571851068002,2019-10-23T17:17:48.002,40.512882457152486,-79.8047233746199,242.1495018005371,5.0
1571851069002,2019-10-23T17:17:49.002,40.512882457152486,-79.8047233746199,241.7317771911621,5.0
1571851070002,2019-10-23T17:17:50.002,40.512882457152486,-79.8047233746199,241.8205223083496,5.0
1571851071002,2019-10-23T17:17:51.002,40.512882457152486,-79.8047233746199,242.4887351989746,5.0
1571851072002,2019-10-23T17:17:52.002,40.512882457152486,-79.8047233746199,243.0561180114746,5.0
1571851073001,2019-10-23T17:17:53.001,40.512882457152486,-79.8047233746199,243.64602279663086,5.0
1571851074001,2019-10-23T17:17:54.001,40.512882457152486,-79.8047233746199,243.77639389038086,5.0
1571851075001,2019-10-23T17:17:55.001,40.512882457152486,-79.8047233746199,243.94424057006836,5.0
1571851076001,2019-10-23T17:17:56.001,40.512882457152486,-79.8047233746199,243.8881492614746,5.0
1571851077001,2019-10-23T17:17:57.001,40.512882457152486,-79.8047233746199,243.7980613708496,5.0
1571851078001,2019-10-23T17:17:58.001,40.512882457152486,-79.8047233746199,243.7832908630371,5.0
1571851079001,2019-10-23T17:17:59.001,40.512882457152486,-79.8047233746199,243.29458236694336,5.0
1571851080001,2019-10-23T17:18:00.001,40.512882457152486,-79.8047233746199,245.62160873413086,5.0
1571851081001,2019-10-23T17:18:01.001,40.512882457152486,-79.8047233746199,245.4550437927246,10.0
1571851082000,2019-10-23T17:18:02.000,40.512882457152486,-79.8047233746199,246.0121726989746,10.0
1571851083000,2019-10-23T17:18:03.000,40.512882457152486,-79.8047233746199,247.2067527770996,10.0
1571851084000,2019-10-23T17:18:04.000,40.512888324484706,-79.80475371710938,248.1277732849121,10.0
1571851085000,2019-10-23T17:18:05.000,40.512888324484706,-79.80475371710938,248.9950828552246,10.0
1571851086000,2019-10-23T17:18:06.000,40.512888324484706,-79.80475371710938,249.22744369506836,10.0
1571851087000,2019-10-23T17:18:07.000,40.512888324484706,-79.80475371710938,249.58755111694336,10.0
1571851088000,2019-10-23T17:18:08.000,40.512888324484706,-79.80475371710938,249.4074363708496,10.0
1571851089000,2019-10-23T17:18:09.000,40.51290869250941,-79.80476897217315,249.6737937927246,10.0
1571851090000,2019-10-23T17:18:10.000,40.51290869250941,-79.80476897217315,249.5762596130371,10.0
1571851091000,2019-10-23T17:18:11.000,40.51290869250941,-79.80476897217315,249.2862205505371,10.0
1571851092000,2019-10-23T17:18:12.000,40.51290869250941,-79.80476897217315,248.8174705505371,10.0
1571851093000,2019-10-23T17:18:13.000,40.51295630171943,-79.8047936987875,248.29897689819336,10.0
1571851094000,2019-10-23T17:18:14.000,40.51297901667702,-79.80479973375779,248.42885971069336,10.0
1571851095000,2019-10-23T17:18:15.000,40.512986769937456,-79.80480828329902,247.9025535583496,10.0
1571851095999,2019-10-23T17:18:15.999,40.51300030671108,-79.80480786420387,248.7611961364746,10.0
1571851096999,2019-10-23T17:18:16.999,40.513007305600226,-79.80480375707131,248.57949447631836,10.0
1571851097999,2019-10-23T17:18:17.999,40.513009023890376,-79.8047955428062,249.5030174255371,10.0
1571851098999,2019-10-23T17:18:18.999,40.51301191564697,-79.80478615507465,249.1455955505371,10.0
1571851099999,2019-10-23T17:18:19.999,40.51301191564697,-79.80478615507465,249.31277084350586,10.0
1571851100999,2019-10-23T17:18:20.999,40.51301761534113,-79.80477022945863,249.34048080444336,10.0
1571851101999,2019-10-23T17:18:21.999,40.51302059091675,-79.80476587086898,248.3120994567871,10.0
1571851102999,2019-10-23T17:18:22.999,40.51303085874814,-79.80476503267866,246.73550033569336,10.0
1571851103999,2019-10-23T17:18:23.999,40.51303425341892,-79.80476402685028,245.96242904663086,10.0
1571851104999,2019-10-23T17:18:24.999,40.51303425341892,-79.80476402685028,244.7694969177246,5.0
1571851105999,2019-10-23T17:18:25.999,40.51303425341892,-79.80476402685028,244.65114974975586,5.0
1571851106999,2019-10-23T17:18:26.999,40.51303425341892,-79.80476402685028,244.3470115661621,5.0
1571851107999,2019-10-23T17:18:27.999,40.51303425341892,-79.80476402685028,244.2193260192871,5.0
1571851108999,2019-10-23T17:18:28.999,40.51303425341892,-79.80476402685028,244.1712303161621,5.0
1571851109999,2019-10-23T17:18:29.999,40.51303425341892,-79.80476402685028,243.9954490661621,5.0
1571851770271,2019-10-23T17:29:30.271,40.513295189579125,-79.80446969901806,254.85498046875,65.0
1571851770942,2019-10-23T17:29:30.942,40.51329790948615,-79.80446839762232,254.84986877441406,65.0
1571851770942,2019-10-23T17:29:30.942,40.51329741592455,-79.8044690063293,254.8486328125,65.0
1571851773997,2019-10-23T17:29:33.997,40.5142303510015,-79.80474365882557,265.5675926208496,50.0
1571851774999,2019-10-23T17:29:34.999,40.5140276346733,-79.80470501825195,258.84731674194336,50.0
1571851775999,2019-10-23T17:29:35.999,40.51386603158015,-79.80467827998083,260.11758041381836,30.0
1571851776999,2019-10-23T17:29:36.999,40.513524427116394,-79.80469630107265,259.9388084411621,30.0
1571851777999,2019-10-23T17:29:37.999,40.513489726037264,-79.80467995636147,261.40591049194336,10.0
1571851778999,2019-10-23T17:29:38.999,40.5134488642593,-79.80466537184995,263.3120994567871,10.0
1571851779999,2019-10-23T17:29:39.999,40.5134488642593,-79.80466537184995,263.5368309020996,10.0
1571851780999,2019-10-23T17:29:40.999,40.51345498304862,-79.8046596721558,263.74502182006836,10.0
1571851781999,2019-10-23T17:29:41.999,40.513453390487015,-79.80465900160354,263.75551986694336,10.0
1571851782999,2019-10-23T17:29:42.999,40.51345251038718,-79.80465883396548,264.1181297302246,10.0
1571851783999,2019-10-23T17:29:43.999,40.51345251038718,-79.80465883396548,264.5473289489746,10.0
1571851784999,2019-10-23T17:29:44.999,40.51345251038718,-79.80465883396548,264.61928939819336,10.0
1571851785999,2019-10-23T17:29:45.999,40.51345251038718,-79.80465883396548,263.62502670288086,10.0
1571851786999,2019-10-23T17:29:46.999,40.51345251038718,-79.80465883396548,264.59743881225586,10.0
1571851787999,2019-10-23T17:29:47.999,40.51345251038718,-79.80465883396548,265.45400619506836,10.0
1571851788999,2019-10-23T17:29:48.999,40.513416342475,-79.80465447537583,266.08230209350586,10.0
1571851789999,2019-10-23T17:29:49.999,40.513410391323745,-79.80464978151005,266.32046127319336,10.0
1571851790999,2019-10-23T17:29:50.999,40.513410391323745,-79.80464978151005,267.0108299255371,10.0
1571851791999,2019-10-23T17:29:51.999,40.513410391323745,-79.80464978151005,267.35378646850586,10.0
1571851792999,2019-10-23T17:29:52.999,40.513402596153796,-79.80463779538852,267.52663803100586,10.0
1571851793999,2019-10-23T17:29:53.999,40.513402596153796,-79.80463779538852,266.6977195739746,10.0
1571851794999,2019-10-23T17:29:54.999,40.513394926712394,-79.80466118089836,266.33059310913086,10.0
1571851795999,2019-10-23T17:29:55.999,40.513394926712394,-79.80466118089836,266.68081283569336,10.0
1571851796999,2019-10-23T17:29:56.999,40.513394926712394,-79.80466118089836,267.53445053100586,10.0
1571851797999,2019-10-23T17:29:57.999,40.513394926712394,-79.80466118089836,267.7032127380371,10.0
1571851798999,2019-10-23T17:29:58.999,40.513394926712394,-79.80466118089836,267.9800682067871,10.0
1571851799999,2019-10-23T17:29:59.999,40.513394926712394,-79.80466118089836,268.1902732849121,10.0
1571851800999,2019-10-23T17:30:00.999,40.513394926712394,-79.80466118089836,268.7124900817871,10.0
1571851801999,2019-10-23T17:30:01.999,40.513394926712394,-79.80466118089836,268.9552879333496,10.0
1571851802999,2019-10-23T17:30:02.999,40.513394926712394,-79.80466118089836,268.9833641052246,10.0
1571851803999,2019-10-23T17:30:03.999,40.513394926712394,-79.80466118089836,269.27602767944336,10.0
1571851804999,2019-10-23T17:30:04.999,40.513394926712394,-79.80466118089836,269.4583396911621,10.0
1571851805999,2019-10-23T17:30:05.999,40.513394926712394,-79.80466118089836,269.39516830444336,10.0
1571851806999,2019-10-23T17:30:06.999,40.513394926712394,-79.80466118089836,269.5105857849121,10.0
1571851807999,2019-10-23T17:30:07.999,40.51335934553343,-79.80468624278885,269.43593978881836,10.0
1571851808999,2019-10-23T17:30:08.999,40.51335934553343,-79.80468624278885,269.1860008239746,10.0
1571851809999,2019-10-23T17:30:09.999,40.51335934553343,-79.80468624278885,270.0452537536621,10.0
1571851810999,2019-10-23T17:30:10.999,40.51331739410806,-79.80469730690103,269.16836166381836,10.0
1571851811999,2019-10-23T17:30:11.999,40.51331739410806,-79.80469730690103,268.5087547302246,10.0
1571851812999,2019-10-23T17:30:12.999,40.51327347293544,-79.80471985422056,268.9519920349121,10.0
1571851813999,2019-10-23T17:30:13.999,40.51327347293544,-79.80471985422056,268.9324607849121,10.0
1571851814999,2019-10-23T17:30:14.999,40.51327347293544,-79.80471985422056,269.1851463317871,10.0
1571851815999,2019-10-23T17:30:15.999,40.51327347293544,-79.80471985422056,269.30825424194336,10.0
1571851816999,2019-10-23T17:30:16.999,40.51327347293544,-79.80471985422056,269.0691795349121,10.0
1571851817999,2019-10-23T17:30:17.999,40.51327347293544,-79.80471985422056,269.3246726989746,10.0
1571851818999,2019-10-23T17:30:18.999,40.51327347293544,-79.80471985422056,269.1278953552246,10.0
1571851819999,2019-10-23T17:30:19.999,40.51327347293544,-79.80471985422056,269.5037498474121,10.0
1571851820999,2019-10-23T17:30:20.999,40.51327347293544,-79.80471985422056,269.4303855895996,10.0
1571851821999,2019-10-23T17:30:21.999,40.51327347293544,-79.80471985422056,269.7298240661621,10.0
1571851822999,2019-10-23T17:30:22.999,40.51325880460489,-79.80472169823926,269.7740135192871,10.0
1571851823999,2019-10-23T17:30:23.999,40.51325314682025,-79.80472463190537,270.0904197692871,10.0
1571851824999,2019-10-23T17:30:24.999,40.51325314682025,-79.80472463190537,270.07680892944336,10.0
1571851825999,2019-10-23T17:30:25.999,40.51323634110439,-79.80472513481956,269.64931869506836,10.0
1571851826999,2019-10-23T17:30:26.999,40.51323634110439,-79.80472513481956,269.1438865661621,10.0
1571851827999,2019-10-23T17:30:27.999,40.51323634110439,-79.80472513481956,269.9735984802246,10.0
1571851828999,2019-10-23T17:30:28.999,40.51328147765297,-79.80472689501923,269.3016014099121,10.0
1571851829999,2019-10-23T17:30:29.999,40.51328147765297,-79.80472689501923,268.9190330505371,10.0
1571852487515,2019-10-23T17:41:27.515,40.513232991958,-79.8045970432891,254.6936798095703,65.0
1571852491092,2019-10-23T17:41:31.092,40.513232991958,-79.8045970432891,254.6936798095703,65.0
1571852492400,2019-10-23T17:41:32.400,40.513344928659976,-79.804562442079,256.8675193786621,50.0
1571852492991,2019-10-23T17:41:32.991,40.513340779617906,-79.80456219062191,256.1407127380371,50.0
1571852493995,2019-10-23T17:41:33.995,40.51332087259787,-79.8046837282179,254.8890037536621,30.0
1571852494995,2019-10-23T17:41:34.995,40.513238310851634,-79.80465833105129,252.9187889099121,30.0
1571852495995,2019-10-23T17:41:35.995,40.5132218404119,-79.80460854254645,251.6327781677246,10.0
1571852496996,2019-10-23T17:41:36.996,40.51324023868936,-79.80461063802224,250.87588119506836,10.0
1571852497996,2019-10-23T17:41:37.996,40.51324023868936,-79.80461063802224,247.9394187927246,10.0
1571852498996,2019-10-23T17:41:38.996,40.51324023868936,-79.80461063802224,246.6778221130371,10.0
1571852499996,2019-10-23T17:41:39.996,40.51324023868936,-79.80461063802224,245.81374740600586,10.0
1571852500997,2019-10-23T17:41:40.997,40.5131993769114,-79.80458465412241,245.85769271850586,10.0
1571852501997,2019-10-23T17:41:41.997,40.51319112073678,-79.80457861915212,245.2685203552246,10.0
1571852502997,2019-10-23T17:41:42.997,40.513188606165826,-79.80457727804762,244.5567283630371,10.0
1571852503997,2019-10-23T17:41:43.997,40.513188606165826,-79.80457727804762,245.3131980895996,10.0
1571852504997,2019-10-23T17:41:44.997,40.513188606165826,-79.80457727804762,246.84365463256836,10.0
1571852505997,2019-10-23T17:41:45.997,40.513188606165826,-79.80457727804762,246.7985496520996,10.0
1571852506998,2019-10-23T17:41:46.998,40.51314468499321,-79.80459513150137,247.37978744506836,10.0
1571852507998,2019-10-23T17:41:47.998,40.51314468499321,-79.80459513150137,246.9667625427246,10.0
1571852508998,2019-10-23T17:41:48.998,40.513101308644295,-79.80461407460254,247.34682846069336,10.0
1571852509998,2019-10-23T17:41:49.998,40.513085718304396,-79.80461943902057,247.76711654663086,10.0
1571852510998,2019-10-23T17:41:50.998,40.51309196282226,-79.80462790474277,246.7001609802246,10.0
1571852511998,2019-10-23T17:41:51.998,40.51309196282226,-79.80462790474277,245.5640525817871,10.0
1571852512998,2019-10-23T17:41:52.998,40.51312339495915,-79.80465531356614,245.5575828552246,10.0
1571852513998,2019-10-23T17:41:53.998,40.51313781183261,-79.80465506210905,246.78030014038086,10.0
1571852514998,2019-10-23T17:41:54.998,40.51313760228503,-79.80465237990003,245.83926010131836,10.0
1571852515998,2019-10-23T17:41:55.998,40.51313781183261,-79.80463519699853,246.7931785583496,10.0
1571852516998,2019-10-23T17:41:56.998,40.51312331114012,-79.80463067077082,248.01589584350586,10.0
1571852517998,2019-10-23T17:41:57.998,40.51312054511207,-79.80462916202825,248.4379539489746,10.0
1571852518998,2019-10-23T17:41:58.998,40.51312054511207,-79.80462916202825,249.0508689880371,10.0
1571852519999,2019-10-23T17:41:59.999,40.51312054511207,-79.80462916202825,249.34646224975586,10.0
1571852520999,2019-10-23T17:42:00.999,40.51312054511207,-79.80462916202825,249.2974510192871,10.0
1571852521999,2019-10-23T17:42:01.999,40.51312054511207,-79.80462916202825,249.2377586364746,10.0
1571852522999,2019-10-23T17:42:02.999,40.51312054511207,-79.80462916202825,249.2152976989746,10.0
1571852523999,2019-10-23T17:42:03.999,40.51312054511207,-79.80462916202825,248.8564109802246,10.0
1571852524999,2019-10-23T17:42:04.999,40.51312054511207,-79.80462916202825,248.6012840270996,10.0
1571852525999,2019-10-23T17:42:05.999,40.51312054511207,-79.80462916202825,248.5356101989746,10.0
1571852526999,2019-10-23T17:42:06.999,40.51312054511207,-79.80462916202825,248.3118553161621,10.0
1571852527999,2019-10-23T17:42:07.999,40.51312054511207,-79.80462916202825,248.5248680114746,10.0
1571852528999,2019-10-23T17:42:08.999,40.51312054511207,-79.80462916202825,248.3949851989746,10.0
1571852529999,2019-10-23T17:42:09.999,40.51312054511207,-79.80462916202825,248.1016502380371,10.0
1571852530999,2019-10-23T17:42:10.999,40.51312054511207,-79.80462916202825,247.7879295349121,10.0
1571852531999,2019-10-23T17:42:11.999,40.51312054511207,-79.80462916202825,247.68655014038086,10.0
1571852532999,2019-10-23T17:42:12.999,40.51312054511207,-79.80462916202825,247.7126121520996,10.0
1571852533999,2019-10-23T17:42:13.999,40.51312054511207,-79.80462916202825,247.4727439880371,10.0
1571852534999,2019-10-23T17:42:14.999,40.51312054511207,-79.80462916202825,247.3959617614746,10.0
1571852535999,2019-10-23T17:42:15.999,40.51312054511207,-79.80462916202825,247.25918197631836,10.0
1571852536999,2019-10-23T17:42:16.999,40.51312054511207,-79.80462916202825,247.1880760192871,10.0
1571852537999,2019-10-23T17:42:17.999,40.51312054511207,-79.80462916202825,247.0127830505371,10.0
1571852538999,2019-10-23T17:42:18.999,40.51312054511207,-79.80462916202825,246.82693099975586,10.0
1571852539999,2019-10-23T17:42:19.999,40.51312054511207,-79.80462916202825,246.50613021850586,5.0
1571852540999,2019-10-23T17:42:20.999,40.51312054511207,-79.80462916202825,246.83974838256836,10.0
1571852541999,2019-10-23T17:42:21.999,40.51312054511207,-79.80462916202825,246.8391990661621,10.0
1571852542999,2019-10-23T17:42:22.999,40.51312054511207,-79.80462916202825,246.87868881225586,10.0
1571852543999,2019-10-23T17:42:23.999,40.51312054511207,-79.80462916202825,247.01968002319336,10.0
1571852544999,2019-10-23T17:42:24.999,40.51312054511207,-79.80462916202825,247.0563621520996,10.0
1571852545999,2019-10-23T17:42:25.999,40.51312054511207,-79.80462916202825,247.2052879333496,10.0
1571852546999,2019-10-23T17:42:26.999,40.51312054511207,-79.80462916202825,247.25942611694336,10.0
1571852547999,2019-10-23T17:42:27.999,40.51312054511207,-79.80462916202825,247.46828842163086,10.0
1571852548999,2019-10-23T17:42:28.999,40.51312054511207,-79.80462916202825,247.3886375427246,10.0
1571852549999,2019-10-23T17:42:29.999,40.51312054511207,-79.80462916202825,247.6988182067871,10.0
1571852550999,2019-10-23T17:42:30.999,40.51312054511207,-79.80462916202825,247.61794662475586,10.0
1571853196099,2019-10-23T17:53:16.099,40.51323455023612,-79.80442714491778,254.9926300048828,65.0
1571853205099,2019-10-23T17:53:25.099,40.51323455023612,-79.80442714491778,254.9926300048828,65.0
1571853211292,2019-10-23T17:53:31.292,40.51323455023518,-79.8044271449159,254.9926300048828,65.0
1571853211718,2019-10-23T17:53:31.718,40.5132528848577,-79.80445000300436,254.9794464111328,65.0
1571853213305,2019-10-23T17:53:33.305,40.51325453407958,-79.8044526029034,254.98159790039062,65.0
1571853213393,2019-10-23T17:53:33.393,40.51325582902926,-79.80445372879487,256.0054588317871,50.0
1571853213997,2019-10-23T17:53:33.997,40.51325582902926,-79.80445372879487,256.0824851989746,50.0
1571853214997,2019-10-23T17:53:34.997,40.51325582902926,-79.80445372879487,256.0595359802246,30.0
1571853215998,2019-10-23T17:53:35.998,40.51325582902926,-79.80445372879487,256.0920066833496,30.0
1571853216998,2019-10-23T17:53:36.998,40.51325582902926,-79.80445372879487,256.11294174194336,30.0
1571853217998,2019-10-23T17:53:37.998,40.51325582902926,-79.80445372879487,256.1360740661621,10.0
1571853218998,2019-10-23T17:53:38.998,40.51325582902926,-79.80445372879487,256.1672019958496,10.0
1571853219998,2019-10-23T17:53:39.998,40.51325582902926,-79.80445372879487,256.1877098083496,30.0
1571853220998,2019-10-23T17:53:40.998,40.51325582902926,-79.80445372879487,256.21755599975586,30.0
1571853221998,2019-10-23T17:53:41.998,40.51325582902926,-79.80445372879487,256.23818588256836,30.0
1571853222998,2019-10-23T17:53:42.998,40.51325582902926,-79.80445372879487,256.2638816833496,30.0
1571853223998,2019-10-23T17:53:43.998,40.51325582902926,-79.80445372879487,256.31106185913086,30.0
1571853224998,2019-10-23T17:53:44.998,40.51325582902926,-79.80445372879487,256.3328514099121,30.0
1571853225999,2019-10-23T17:53:45.999,40.51325582902926,-79.80445372879487,256.34536361694336,30.0
1571853226999,2019-10-23T17:53:46.999,40.51325582902926,-79.80445372879487,256.3571434020996,30.0
1571853227999,2019-10-23T17:53:47.999,40.513222804330766,-79.80449748232942,256.3879051208496,30.0
1571853228999,2019-10-23T17:53:48.999,40.513222804330766,-79.80449748232942,256.39138412475586,30.0
1571853229999,2019-10-23T17:53:49.999,40.513222804330766,-79.80449748232942,256.39846420288086,30.0
1571853230999,2019-10-23T17:53:50.999,40.513222804330766,-79.80449748232942,256.4097557067871,30.0
1571853231999,2019-10-23T17:53:51.999,40.513222804330766,-79.80449748232942,256.43630599975586,30.0
1571853232999,2019-10-23T17:53:52.999,40.513222804330766,-79.80449748232942,256.47121810913086,30.0
1571853233999,2019-10-23T17:53:53.999,40.513222804330766,-79.80449748232942,256.49746322631836,30.0
1571853234999,2019-10-23T17:53:54.999,40.513222804330766,-79.80449748232942,256.50747299194336,30.0
1571853235999,2019-10-23T17:53:55.999,40.513222804330766,-79.80449748232942,256.50881576538086,30.0
1571853236999,2019-10-23T17:53:56.999,40.513222804330766,-79.80449748232942,256.5301170349121,30.0
1571853237999,2019-10-23T17:53:57.999,40.513222804330766,-79.80449748232942,256.5575828552246,30.0
1571853238999,2019-10-23T17:53:58.999,40.513222804330766,-79.80449748232942,256.56240463256836,30.0
1571853239999,2019-10-23T17:53:59.999,40.513222804330766,-79.80449748232942,256.56313705444336,30.0
1571853240999,2019-10-23T17:54:00.999,40.513222804330766,-79.80449748232942,256.56399154663086,30.0
1571853241999,2019-10-23T17:54:01.999,40.5131959403311,-79.80454752229136,256.5871238708496,30.0
1571853242999,2019-10-23T17:54:02.999,40.5131959403311,-79.80454752229136,256.59707260131836,30.0
1571853243999,2019-10-23T17:54:03.999,40.5131959403311,-79.80454752229136,256.61184310913086,30.0
1571853244999,2019-10-23T17:54:04.999,40.5131959403311,-79.80454752229136,256.6165428161621,30.0
1571853245999,2019-10-23T17:54:05.999,40.5131959403311,-79.80454752229136,256.6020164489746,30.0
1571853246999,2019-10-23T17:54:06.999,40.5131959403311,-79.80454752229136,256.5971336364746,10.0
1571853247999,2019-10-23T17:54:07.999,40.5131959403311,-79.80454752229136,256.5846824645996,30.0
1571853248999,2019-10-23T17:54:08.999,40.5131959403311,-79.80454752229136,256.6075096130371,30.0
1571853249999,2019-10-23T17:54:09.999,40.5131959403311,-79.80454752229136,256.6452293395996,30.0
1571853250999,2019-10-23T17:54:10.999,40.5131959403311,-79.80454752229136,256.6515769958496,30.0
1571853251999,2019-10-23T17:54:11.999,40.5131959403311,-79.80454752229136,256.6888084411621,30.0
1571853252999,2019-10-23T17:54:12.999,40.5131959403311,-79.80454752229136,256.72976303100586,30.0
1571853253999,2019-10-23T17:54:13.999,40.5131959403311,-79.80454752229136,256.75857162475586,30.0
1571853254999,2019-10-23T17:54:14.999,40.5131959403311,-79.80454752229136,256.7625389099121,30.0
1571853255999,2019-10-23T17:54:15.999,40.5131959403311,-79.80454752229136,256.7804832458496,30.0
1571853256999,2019-10-23T17:54:16.999,40.5131959403311,-79.80454752229136,256.80129623413086,10.0
1571853257999,2019-10-23T17:54:17.999,40.5131959403311,-79.80454752229136,256.8183250427246,10.0
1571853258999,2019-10-23T17:54:18.999,40.5131959403311,-79.80454752229136,256.85940170288086,10.0
1571853259999,2019-10-23T17:54:19.999,40.5131959403311,-79.80454752229136,256.87624740600586,10.0
1571853260999,2019-10-23T17:54:20.999,40.5131959403311,-79.80454752229136,256.9091453552246,10.0
1571853261999,2019-10-23T17:54:21.999,40.5131959403311,-79.80454752229136,256.8979148864746,30.0
1571853262999,2019-10-23T17:54:22.999,40.5131959403311,-79.80454752229136,256.9140281677246,10.0
1571853263999,2019-10-23T17:54:23.999,40.5131959403311,-79.80454752229136,256.9255027770996,10.0
1571853264999,2019-10-23T17:54:24.999,40.5131710879882,-79.80459756225329,256.9438133239746,10.0
1571853265999,2019-10-23T17:54:25.999,40.5131710879882,-79.80459756225329,256.9358787536621,30.0
1571853266999,2019-10-23T17:54:26.999,40.5131710879882,-79.80459756225329,256.95388412475586,30.0
1571853267999,2019-10-23T17:54:27.999,40.5131710879882,-79.80459756225329,256.9808006286621,10.0
1571853268999,2019-10-23T17:54:28.999,40.5131710879882,-79.80459756225329,256.99795150756836,10.0
1571853269999,2019-10-23T17:54:29.999,40.5131710879882,-79.80459756225329,256.9832420349121,30.0
1571853270999,2019-10-23T17:54:30.999,40.5131710879882,-79.80459756225329,256.98733139038086,30.0
